


Wed 27 Feb 10:15:13 UTC 2019
ow concurrency,loadtestconcurrency,latency,rps,errors,requests,totaltime(sec),realtotaltime(msec),payloadfile
1,1,1089.4,1,0,100,109.030964089(sec),109902(msec),timeout30
1,1,583.8,2,38,100,58.47462349(sec),59796(msec),timeout30
1,1,1098.5,1,0,100,109.932088906(sec),110785(msec),timeout30
1,1,1151.7,1,0,100,115.259359262(sec),116169(msec),timeout30
1,1,488,2,40,100,48.892063412000006(sec),49887(msec),timeout30
1,1,657.9,2,40,100,65.913215059(sec),66914(msec),timeout30
1,1,1146.2,1,0,100,114.705813239(sec),116035(msec),timeout30
1,1,1129.8,1,0,100,113.072924944(sec),113908(msec),timeout30
1,1,1138.6,1,0,100,113.95211472300001(sec),114786(msec),timeout30
1,1,1151,1,0,100,115.208574152(sec),116235(msec),timeout30
1,1,1136.6,1,0,100,113.74611727099999(sec),114603(msec),timeout30
1,1,1141.9,1,0,100,114.308294447(sec),115724(msec),timeout30
1,1,1134.4,1,0,100,113.563080629(sec),114969(msec),timeout30
1,1,1135.6,1,0,100,113.684713308(sec),114637(msec),timeout30
1,1,1027.9,1,0,100,102.91189250299999(sec),104106(msec),timeout30
1,1,1063.2,1,0,100,106.400662135(sec),107688(msec),timeout30
1,1,892.6,1,11,100,89.377783582(sec),90625(msec),timeout30
1,1,1151.9,1,0,100,115.331066951(sec),116496(msec),timeout30
1,1,1142.7,1,0,100,114.377849244(sec),115768(msec),timeout30
1,1,1172,1,0,100,117.32562391100001(sec),118669(msec),timeout30
1,1,1147.2,1,0,100,114.83344801599999(sec),116300(msec),timeout30
1,1,1142.1,1,0,100,114.321281674(sec),115592(msec),timeout30
1,1,748.2,1,24,100,74.936739722(sec),76150(msec),timeout30
1,1,1068,1,0,100,106.910362374(sec),108255(msec),timeout30
1,1,1134.9,1,25,100,113.60753504099999(sec),115052(msec),timeout30
1,1,16.9,55,100,100,1.8280063770000001(sec),3937(msec),timeout30
1,1,15.1,62,100,100,1.614763018(sec),2930(msec),timeout30
1,1,15.3,60,100,100,1.663770124(sec),3094(msec),timeout30
1,1,14.3,65,100,100,1.53272062(sec),2879(msec),timeout30
1,1,14.2,65,100,100,1.5334258749999998(sec),2852(msec),timeout30



Wed 27 Feb 13:23:49 UTC 2019
ow concurrency,loadtestconcurrency,latency,rps,errors,requests,totaltime(sec),realtotaltime(msec),payloadfile
1,1,659.7,2,37,100,66.08716424699999(sec),68632(msec),timeout30
1,1,1173.6,1,0,100,117.477154673(sec),118869(msec),timeout30
1,1,515,2,57,100,51.636926384999995(sec),52733(msec),timeout30
1,1,147.2,7,100,100,14.816605877(sec),16120(msec),timeout30
1,1,26,37,100,100,2.712198229(sec),6949(msec),timeout30
1,1,15.3,61,100,100,1.636255575(sec),2880(msec),timeout30
1,1,14.7,62,100,100,1.6008890409999998(sec),2503(msec),timeout30
1,1,15.3,61,100,100,1.640732735(sec),3002(msec),timeout30
1,1,12.6,73,100,100,1.3652299170000002(sec),2710(msec),timeout30
1,4,51.2,63,100,100,1.592674234(sec),2618(msec),timeout30
1,4,53.1,60,100,100,1.657627013(sec),2494(msec),timeout30
1,4,53.7,60,100,100,1.6546228609999998(sec),2993(msec),timeout30
1,4,49.2,66,100,100,1.525311303(sec),2873(msec),timeout30
1,4,50.5,64,100,100,1.565351089(sec),2824(msec),timeout30
1,4,52.9,61,100,100,1.6384536170000001(sec),3011(msec),timeout30
1,4,48.8,65,100,100,1.5297598149999998(sec),2887(msec),timeout30
1,4,55.3,59,100,100,1.693150666(sec),2956(msec),timeout30
1,4,52.8,62,100,100,1.6244037880000002(sec),3001(msec),timeout30
1,7,104.4,53,100,100,1.869315301(sec),3192(msec),timeout30
1,7,105.1,53,100,100,1.873358453(sec),3131(msec),timeout30
1,7,98.4,57,100,100,1.75160467(sec),3137(msec),timeout30
1,7,105.2,54,100,100,1.8544585489999998(sec),3072(msec),timeout30
1,7,99,56,100,100,1.773901786(sec),3118(msec),timeout30
1,7,100.3,56,100,100,1.7721230430000001(sec),3045(msec),timeout30
1,7,98.7,57,100,100,1.759744825(sec),3074(msec),timeout30
1,7,99,61,100,100,1.628914528(sec),2985(msec),timeout30
1,7,101.6,55,100,100,1.802579853(sec),2830(msec),timeout30
1,10,152.4,53,100,100,1.903098536(sec),3258(msec),timeout30
1,10,165.1,49,100,100,2.031127332(sec),3241(msec),timeout30
1,10,165.2,49,100,100,2.02431497(sec),3400(msec),timeout30
1,10,179.8,46,100,100,2.183376204(sec),3559(msec),timeout30
1,10,171.2,51,100,100,1.9791279640000001(sec),3371(msec),timeout30
1,10,162.8,50,100,100,2.005391051(sec),3136(msec),timeout30
1,10,158.5,51,100,100,1.9534314279999998(sec),3339(msec),timeout30
1,10,168,49,100,100,2.050276171(sec),3381(msec),timeout30
1,10,158,51,100,100,1.9584760310000002(sec),3346(msec),timeout30
1,13,247.8,43,100,100,2.308983329(sec),3503(msec),timeout30
1,13,231.2,46,100,100,2.1769148620000003(sec),3556(msec),timeout30
1,13,231.4,46,100,100,2.173541075(sec),3553(msec),timeout30
1,13,261.4,42,100,100,2.400553612(sec),3724(msec),timeout30
1,13,233.3,45,100,100,2.2033336180000003(sec),3630(msec),timeout30
1,13,254.9,43,100,100,2.349622627(sec),3343(msec),timeout30
1,13,240,44,100,100,2.256039216(sec),3675(msec),timeout30
1,13,241.2,44,100,100,2.247296604(sec),3585(msec),timeout30
1,13,248.1,43,100,100,2.3239699409999997(sec),3543(msec),timeout30
1,16,351.5,39,100,100,2.551910335(sec),4033(msec),timeout30
1,16,324.6,41,100,100,2.464590121(sec),3852(msec),timeout30
1,16,322.4,41,100,100,2.449608166(sec),3806(msec),timeout30
1,16,328.9,40,100,100,2.476537549(sec),3796(msec),timeout30
1,16,318.2,41,100,100,2.422897677(sec),3818(msec),timeout30
1,16,331.6,40,100,100,2.497653315(sec),3834(msec),timeout30
1,16,321.4,41,100,100,2.423808185(sec),3851(msec),timeout30
1,16,347.6,38,100,100,2.606847046(sec),3887(msec),timeout30
1,16,326.9,40,100,100,2.469578871(sec),3981(msec),timeout30
1,19,423,37,100,100,2.683054443(sec),4085(msec),timeout30
1,19,425.2,37,100,100,2.686191037(sec),3962(msec),timeout30
1,19,443.9,36,100,100,2.764347334(sec),4217(msec),timeout30
1,19,404.6,39,100,100,2.572199243(sec),4213(msec),timeout30
1,19,430.1,37,100,100,2.710867837(sec),4110(msec),timeout30
1,19,423.8,37,100,100,2.68070762(sec),4026(msec),timeout30
1,19,440.6,36,100,100,2.762034291(sec),4093(msec),timeout30
1,19,447.4,35,100,100,2.828087124(sec),4291(msec),timeout30
1,19,434.8,36,100,100,2.7496548269999996(sec),4177(msec),timeout30



Wed 27 Feb 14:40:49 UTC 2019
ow concurrency,loadtestconcurrency,latency,rps,errors,requests,totaltime(sec),realtotaltime(msec),payloadfile
1,1,1203.3,1,0,100,120.451137481(sec),122870(msec),timeout30
1,1,634.2,2,0,100,63.530025091000006(sec),64585(msec),timeout30
1,1,1141.3,1,0,100,114.272637305(sec),115679(msec),timeout30
1,1,943.4,1,0,100,94.440138114(sec),95284(msec),timeout30
1,1,1152.9,1,0,100,115.39773083899999(sec),116830(msec),timeout30
1,1,1145.8,1,0,100,114.715365038(sec),116035(msec),timeout30
1,1,1148.1,1,0,100,114.904988935(sec),115799(msec),timeout30
1,1,968.8,1,0,100,96.96692236300001(sec),97833(msec),timeout30
1,1,1143.4,1,0,100,114.45365705799999(sec),115778(msec),timeout30
1,4,2615.8,2,0,100,66.320586419(sec),68697(msec),timeout30
1,4,2378.6,2,60,100,59.769774697(sec),61299(msec),timeout30
1,4,53.1,65,100,100,1.539535461(sec),2420(msec),timeout30
1,4,171.2,22,100,100,4.448812181(sec),5350(msec),timeout30
1,4,50.5,69,100,100,1.445117455(sec),2275(msec),timeout30
1,4,122.8,30,100,100,3.3782048380000003(sec),4746(msec),timeout30
1,4,52.2,67,100,100,1.4996802390000001(sec),2873(msec),timeout30
1,4,57.5,57,100,100,1.7517458040000002(sec),3048(msec),timeout30
1,4,53.8,61,100,100,1.646997081(sec),3043(msec),timeout30
1,7,107.2,53,100,100,1.8692912160000001(sec),3169(msec),timeout30
1,7,102.9,55,100,100,1.830565363(sec),3200(msec),timeout30
1,7,107.9,56,100,100,1.800930444(sec),2905(msec),timeout30
1,7,107.4,53,100,100,1.8728566089999998(sec),3259(msec),timeout30
1,7,101.1,58,100,100,1.7156992030000002(sec),3007(msec),timeout30
1,7,106.7,53,100,100,1.8706960490000002(sec),3217(msec),timeout30
1,7,110.6,52,100,100,1.940307906(sec),3310(msec),timeout30
1,7,106.2,54,100,100,1.8627788060000001(sec),3324(msec),timeout30
1,7,94,59,100,100,1.6957726069999999(sec),3106(msec),timeout30
1,10,160.5,50,100,100,1.9817389490000001(sec),3278(msec),timeout30
1,10,161.2,50,100,100,1.980853433(sec),3504(msec),timeout30
1,10,171.5,48,100,100,2.0929449730000003(sec),3417(msec),timeout30
1,10,152.3,53,100,100,1.8903602449999999(sec),3253(msec),timeout30
1,10,169.4,49,100,100,2.06012075(sec),3375(msec),timeout30
1,10,157.5,52,100,100,1.9394084809999999(sec),3345(msec),timeout30
1,10,172.5,48,100,100,2.10376006(sec),3406(msec),timeout30
1,10,159.6,51,100,100,1.966383885(sec),3395(msec),timeout30
1,10,173.8,47,100,100,2.111118919(sec),3414(msec),timeout30
1,13,225.4,50,100,100,1.9858140739999999(sec),3367(msec),timeout30
1,13,235.3,45,100,100,2.204920208(sec),3563(msec),timeout30
1,13,224.5,51,100,100,1.96601826(sec),3378(msec),timeout30
1,13,248.7,43,100,100,2.341351387(sec),3438(msec),timeout30
1,13,235.6,45,100,100,2.225684608(sec),3715(msec),timeout30
1,13,245.1,43,100,100,2.301762257(sec),3373(msec),timeout30
1,13,228.7,46,100,100,2.1670898160000003(sec),3624(msec),timeout30
1,13,241.9,44,100,100,2.255897178(sec),3667(msec),timeout30
1,13,229.4,50,100,100,1.9939833949999999(sec),3323(msec),timeout30
1,16,340,39,100,100,2.5608679299999997(sec),3592(msec),timeout30
1,16,312.8,42,100,100,2.38410471(sec),3792(msec),timeout30
1,16,336.7,39,100,100,2.5539901599999997(sec),3956(msec),timeout30
1,16,330.2,40,100,100,2.514112387(sec),3763(msec),timeout30
1,16,331.5,40,100,100,2.5129548409999996(sec),3936(msec),timeout30
1,16,331.3,40,100,100,2.5152821690000002(sec),3914(msec),timeout30
1,16,335.2,40,100,100,2.5304688969999996(sec),3771(msec),timeout30
1,16,351.6,39,100,100,2.586337297(sec),4056(msec),timeout30
1,16,329.5,40,100,100,2.489692223(sec),3598(msec),timeout30
1,19,429.5,38,100,100,2.6228728489999997(sec),4090(msec),timeout30
1,19,412.1,38,100,100,2.608909395(sec),4058(msec),timeout30
1,19,436.8,36,100,100,2.747858214(sec),3957(msec),timeout30
1,19,440.9,36,100,100,2.780583373(sec),4142(msec),timeout30
1,19,426.7,37,100,100,2.699393723(sec),4142(msec),timeout30
1,19,444.3,36,100,100,2.805311968(sec),4274(msec),timeout30
1,19,431,37,100,100,2.726246106(sec),4051(msec),timeout30



Sun  3 Mar 10:36:43 UTC 2019
ow concurrency,loadtestconcurrency,latency,rps,errors,requests,totaltime(sec),realtotaltime(msec),payloadfile
1,1,277.8,4,0,100,27.894740172000002(sec),29741(msec),timeout30
1,1,156.1,6,0,100,15.693105865(sec),16983(msec),timeout30
1,1,140.4,7,0,100,14.128637466(sec),14942(msec),timeout30
1,1,123.3,8,0,100,12.419892849(sec),13470(msec),timeout30
1,1,167.7,6,0,100,16.885331646999997(sec),17939(msec),timeout30
1,1,176.1,6,0,100,17.70598412(sec),18458(msec),timeout30
1,1,178.8,6,0,100,17.966336982(sec),18955(msec),timeout30
1,1,189.9,5,0,100,19.099297428000003(sec),20251(msec),timeout30
1,1,179.1,6,0,100,17.992911851000002(sec),18806(msec),timeout30
1,4,535.5,7,0,100,13.84118613(sec),15193(msec),timeout30
1,4,384.1,10,0,100,9.887163017999999(sec),11390(msec),timeout30
1,4,387.1,10,0,100,10.014418443(sec),10926(msec),timeout30
1,4,362.8,11,0,100,9.335729485(sec),10444(msec),timeout30
1,4,365,10,0,100,9.626831614999999(sec),10826(msec),timeout30
1,4,383.4,10,0,100,9.832251141999999(sec),11457(msec),timeout30
1,4,362.7,11,0,100,9.462012174(sec),10372(msec),timeout30
1,4,344.1,11,0,100,9.079084434(sec),10617(msec),timeout30
1,4,308.9,12,0,100,8.118247650999999(sec),9499(msec),timeout30
1,7,898.3,7,0,100,13.380188749(sec),15198(msec),timeout30
1,7,635.4,10,0,100,9.703391859(sec),11609(msec),timeout30
1,7,340.2,19,0,100,5.178409729(sec),6312(msec),timeout30
1,7,562.6,12,0,100,8.583055471(sec),10336(msec),timeout30
1,7,591.7,11,0,100,9.11340919(sec),10696(msec),timeout30
1,7,563.1,12,0,100,8.441882468(sec),10119(msec),timeout30
1,7,567.4,11,0,100,8.861768377(sec),10336(msec),timeout30
1,7,559.1,12,0,100,8.589019662999998(sec),10288(msec),timeout30
1,7,592.3,11,0,100,9.013850276(sec),11327(msec),timeout30
1,10,891.8,10,0,100,9.711936272(sec),11751(msec),timeout30
1,10,805,12,0,100,8.588112783(sec),10117(msec),timeout30
1,10,815.9,11,0,100,9.059594092(sec),10652(msec),timeout30
1,10,722,13,0,100,7.9622633160000005(sec),10037(msec),timeout30
1,10,728,12,0,100,8.038208645(sec),9794(msec),timeout30
1,10,711.7,13,0,100,7.942343687(sec),9866(msec),timeout30
1,10,812.2,11,0,100,8.827676271(sec),10315(msec),timeout30
1,10,741.9,12,0,100,8.256398542000001(sec),9994(msec),timeout30
1,10,723.4,12,0,100,8.017676872(sec),10073(msec),timeout30
1,13,876.7,13,0,100,7.538218164(sec),8817(msec),timeout30
1,13,843.2,14,0,100,7.3005078480000005(sec),8602(msec),timeout30
1,13,834.5,14,0,100,7.2678320880000005(sec),9243(msec),timeout30
1,13,913.5,13,0,100,7.892367432(sec),9172(msec),timeout30
1,13,885.2,13,0,100,7.478008065(sec),9379(msec),timeout30
1,13,803.1,14,0,100,6.998225725(sec),8641(msec),timeout30
1,13,821.2,14,0,100,7.179969042(sec),8907(msec),timeout30
1,13,879.1,13,0,100,7.633343053000001(sec),9575(msec),timeout30
1,13,802.5,14,0,100,7.048510698(sec),9263(msec),timeout30
1,16,953.1,15,0,100,6.610779561(sec),8625(msec),timeout30
1,16,1139.4,12,0,100,8.07280011(sec),10250(msec),timeout30
1,16,1043.8,14,0,100,7.363218020000001(sec),9396(msec),timeout30
1,16,1254.2,11,0,100,8.847353829(sec),10964(msec),timeout30
1,16,1030.8,13,0,100,7.437616973(sec),9602(msec),timeout30
1,16,1067,13,0,100,7.4810651109999995(sec),9621(msec),timeout30
1,16,1077.4,13,0,100,7.851154107999999(sec),9709(msec),timeout30
1,16,1226.2,12,0,100,8.363203460000001(sec),11820(msec),timeout30
1,16,1312.9,11,0,100,9.224310339(sec),12101(msec),timeout30
1,19,1395.5,12,0,100,8.50434994(sec),11907(msec),timeout30
1,19,1544,11,0,100,9.164966935(sec),11771(msec),timeout30
1,19,1441,12,0,100,8.520781009(sec),12687(msec),timeout30
1,19,1306.6,12,0,100,8.023413698(sec),11019(msec),timeout30
1,19,1263,13,0,100,7.673685982(sec),9928(msec),timeout30
1,19,1369.3,12,0,100,8.080752024(sec),10500(msec),timeout30
1,19,1272.5,13,0,100,7.64174149(sec),10355(msec),timeout30
1,19,1212.2,13,0,100,7.458150488(sec),9947(msec),timeout30
1,19,1302.4,13,0,100,7.680329678(sec),10083(msec),timeout30



Sun  3 Mar 11:31:52 UTC 2019
ow concurrency,loadtestconcurrency,latency,rps,errors,requests,totaltime(sec),realtotaltime(msec),payloadfile
1,1,218.5,5,0,100,21.957131420000003(sec),22858(msec),timeout30
1,1,183.5,5,0,100,18.48910139(sec),19605(msec),timeout30
1,1,137,7,0,100,13.815908015000002(sec),16515(msec),timeout30
1,1,124.5,8,0,100,12.532814599(sec),13326(msec),timeout30
1,1,133.7,7,0,100,13.458106384999999(sec),14297(msec),timeout30
1,1,121.7,8,0,100,12.251502021(sec),13035(msec),timeout30
1,1,122.3,8,0,100,12.344555158999999(sec),13325(msec),timeout30
1,1,121.2,8,0,100,12.231221361(sec),13508(msec),timeout30
1,1,125.2,8,0,100,12.632806465(sec),13452(msec),timeout30
1,1,121.3,8,0,100,12.262615377(sec),13319(msec),timeout30
1,1,120.7,8,0,100,12.174585459(sec),13337(msec),timeout30
1,1,134.6,7,0,100,13.568948481(sec),14457(msec),timeout30
1,1,166.2,6,0,100,16.738513009(sec),17830(msec),timeout30
1,1,280.4,4,0,100,28.149620219(sec),29225(msec),timeout30
1,1,337.4,3,0,100,33.83910981699999(sec),34878(msec),timeout30
1,1,359.6,3,0,100,36.098901718(sec),37487(msec),timeout30
1,1,341.9,3,0,100,34.309781933(sec),36174(msec),timeout30
1,1,329.6,3,0,100,33.057704387(sec),34346(msec),timeout30
1,1,294.3,3,0,100,29.517227172(sec),30828(msec),timeout30
1,1,340.3,3,0,100,34.139800517000005(sec),35597(msec),timeout30
1,1,423.1,2,0,100,42.454288322000004(sec),43859(msec),timeout30
1,1,142.3,7,0,100,14.335117978(sec),15784(msec),timeout30
1,1,128.4,8,0,100,12.919856602(sec),13975(msec),timeout30
1,1,126.5,8,0,100,12.761425412000001(sec),13842(msec),timeout30
1,1,125.5,8,0,100,12.628067266(sec),13454(msec),timeout30
1,1,120,8,0,100,12.118820695(sec),13222(msec),timeout30
1,1,135.9,7,0,100,13.711547130000001(sec),14543(msec),timeout30
1,1,123.9,8,0,100,12.504917996(sec),13578(msec),timeout30
1,1,127.2,8,0,100,12.83026345(sec),14028(msec),timeout30
1,1,117.3,8,0,100,11.812435965(sec),12687(msec),timeout30
1,1,129.7,8,0,100,13.090025184(sec),13909(msec),timeout30
1,1,135.3,7,0,100,13.610184825000001(sec),14448(msec),timeout30
1,1,122.5,8,0,100,12.368945446(sec),13575(msec),timeout30
1,1,120.7,8,0,100,12.178391167(sec),13288(msec),timeout30
1,1,119.5,8,0,100,12.063340904(sec),12869(msec),timeout30
1,1,132.6,7,0,100,13.368432021(sec),14458(msec),timeout30
1,1,108.9,9,0,100,10.964618063(sec),11787(msec),timeout30
1,1,125.4,8,0,100,12.641767601(sec),13800(msec),timeout30
1,1,116.8,8,0,100,11.788967383(sec),13123(msec),timeout30
1,1,113.2,9,0,100,11.447269676(sec),12746(msec),timeout30
1,1,116.9,8,0,100,11.830945167(sec),12744(msec),timeout30
1,1,122.7,8,0,100,12.378035115000001(sec),13534(msec),timeout30
1,1,118.3,8,0,100,11.931896942(sec),13321(msec),timeout30
1,1,123.7,8,0,100,12.448863407000001(sec),13251(msec),timeout30
1,1,119.6,8,0,100,12.083999685999999(sec),13003(msec),timeout30
1,1,122.5,8,0,100,12.355088702000002(sec),13452(msec),timeout30
1,1,141.5,7,0,100,14.266103945000001(sec),15510(msec),timeout30
1,1,129.7,8,0,100,13.050893314000001(sec),13855(msec),timeout30
1,1,126.4,8,0,100,12.777186746(sec),13972(msec),timeout30
1,1,130.8,8,0,100,13.192434691(sec),14283(msec),timeout30
1,1,130.9,8,0,100,13.179093345(sec),14192(msec),timeout30
1,1,139.6,7,0,100,14.081255346(sec),15141(msec),timeout30
1,1,119.8,8,0,100,12.06207813(sec),12870(msec),timeout30
1,1,120,8,0,100,12.129004263999999(sec),13211(msec),timeout30
1,1,116.7,9,0,100,11.757099148(sec),12578(msec),timeout30
1,1,130.3,8,0,100,13.151845425(sec),14487(msec),timeout30
1,1,127,8,0,100,12.783912313(sec),13892(msec),timeout30
1,1,116.7,9,0,100,11.762761087000001(sec),12579(msec),timeout30
1,1,114.7,9,0,100,11.556900574(sec),12370(msec),timeout30
1,1,135.9,7,0,100,13.697080313(sec),14494(msec),timeout30
1,1,112.8,9,0,100,11.368410429999999(sec),12329(msec),timeout30
1,1,117.3,8,0,100,11.84396433(sec),13078(msec),timeout30
1,1,113.8,9,0,100,11.497533514(sec),12569(msec),timeout30
1,1,135.4,7,0,100,13.657104878(sec),14482(msec),timeout30
1,1,125.1,8,0,100,12.644382014000001(sec),14024(msec),timeout30
1,1,132.9,7,0,100,13.414714967(sec),14381(msec),timeout30
1,1,122,8,0,100,12.284958245(sec),13090(msec),timeout30
1,1,121.3,8,0,100,12.242621139(sec),13038(msec),timeout30
1,1,122.8,8,0,100,12.393132059(sec),13638(msec),timeout30
1,1,147.4,7,0,100,14.818792531(sec),16144(msec),timeout30
1,1,124.5,8,0,100,12.561255315(sec),13642(msec),timeout30
1,1,123.2,8,0,100,12.422782344(sec),13450(msec),timeout30
1,1,120.5,8,0,100,12.157692488999999(sec),13092(msec),timeout30
1,1,116,9,0,100,11.700570076(sec),12970(msec),timeout30
1,1,129.1,8,0,100,13.018725789(sec),13835(msec),timeout30
1,1,121.3,8,0,100,12.210325992(sec),13495(msec),timeout30
1,1,136.4,7,0,100,13.741309699(sec),14928(msec),timeout30
1,1,123.8,8,0,100,12.463738142(sec),13259(msec),timeout30
1,1,117.7,8,0,100,11.850693293(sec),12664(msec),timeout30
1,1,135.7,7,0,100,13.649486088(sec),14425(msec),timeout30
1,1,118.9,8,0,100,12.002781076(sec),13288(msec),timeout30
1,1,119.7,8,0,100,12.105092892(sec),12924(msec),timeout30
1,1,113.1,9,0,100,11.396726725(sec),12216(msec),timeout30
1,1,129.2,8,0,100,13.032929275(sec),13897(msec),timeout30
1,1,114.1,9,0,100,11.503213939(sec),12887(msec),timeout30
1,1,121,8,0,100,12.233899719(sec),13531(msec),timeout30
1,1,118.7,8,0,100,12.003502965(sec),13223(msec),timeout30
1,1,120.1,8,0,100,12.139960469(sec),13303(msec),timeout30
1,1,118.5,8,0,100,11.972611273(sec),13346(msec),timeout30
1,1,139.2,7,0,100,14.012039022000002(sec),14903(msec),timeout30
1,1,124.5,8,0,100,12.534947532(sec),13550(msec),timeout30
1,1,113.8,9,0,100,11.491910964999999(sec),12327(msec),timeout30
1,1,119.1,8,0,100,12.02141158(sec),13270(msec),timeout30
1,1,130.2,8,0,100,13.149378491(sec),14115(msec),timeout30
1,1,122.3,8,0,100,12.347555233(sec),13279(msec),timeout30
1,1,122.8,8,0,100,12.440188400999999(sec),13578(msec),timeout30
1,1,123,8,0,100,12.407355104(sec),13203(msec),timeout30
1,1,114.9,9,0,100,11.624775345(sec),12484(msec),timeout30
1,1,116.7,8,0,100,11.775606723000001(sec),13145(msec),timeout30
1,1,135.3,7,0,100,13.617414546(sec),14427(msec),timeout30
1,3,321.4,9,0,100,10.980798197(sec),11846(msec),timeout30
1,3,277.5,10,0,100,9.5668307(sec),10784(msec),timeout30
1,3,234.6,12,0,100,8.166505947(sec),9665(msec),timeout30
1,3,268.6,11,0,100,9.281606665(sec),10477(msec),timeout30
1,3,270.9,11,0,100,9.326270961(sec),10583(msec),timeout30
1,3,264.7,11,0,100,9.00397014(sec),10618(msec),timeout30
1,3,241,12,0,100,8.405895659(sec),9469(msec),timeout30
1,3,273.8,10,0,100,9.59649457(sec),11123(msec),timeout30
1,3,254.5,11,0,100,8.855755188(sec),10034(msec),timeout30
1,3,477.8,6,0,100,16.311622697(sec),17238(msec),timeout30
1,3,310.9,9,0,100,10.739899646(sec),12349(msec),timeout30
1,3,275.6,10,0,100,9.530784079000002(sec),10977(msec),timeout30
1,3,280.6,10,0,100,9.591008647999999(sec),10535(msec),timeout30
1,3,262.7,11,0,100,9.208623706000001(sec),10180(msec),timeout30
1,3,256.4,11,0,100,8.765846673(sec),9805(msec),timeout30
1,3,317.8,9,0,100,10.840133168(sec),11875(msec),timeout30
1,3,244.1,12,0,100,8.41290534(sec),9519(msec),timeout30
1,3,263.1,11,0,100,9.2088162(sec),10556(msec),timeout30
1,3,248.5,12,0,100,8.662297848(sec),10004(msec),timeout30
1,3,255.4,11,0,100,8.775123623999999(sec),10085(msec),timeout30
1,3,621.7,5,0,100,21.487867264000002(sec),22972(msec),timeout30
1,3,322.4,8,0,100,11.879666032(sec),41742(msec),timeout30
1,3,322.3,9,0,100,11.001927301(sec),11926(msec),timeout30
1,3,273.3,11,0,100,9.441025364(sec),10852(msec),timeout30
1,3,272.6,11,0,100,9.395305353(sec),10252(msec),timeout30
1,3,290.9,10,0,100,10.021406341(sec),11091(msec),timeout30
1,3,293.5,10,0,100,10.016254473(sec),11551(msec),timeout30
1,3,290.3,10,0,100,10.067561728000001(sec),11515(msec),timeout30
1,3,261.5,11,0,100,9.049425257000001(sec),10527(msec),timeout30
1,3,282.6,10,0,100,9.639222786(sec),11073(msec),timeout30
1,3,252.2,11,0,100,8.707419398(sec),10275(msec),timeout30
1,3,330.3,9,0,100,11.392664758999999(sec),12510(msec),timeout30
1,3,248.4,11,0,100,8.763074678999999(sec),9656(msec),timeout30
1,3,318.3,9,0,100,10.988362365999999(sec),12295(msec),timeout30
1,3,263.1,11,0,100,9.149182062(sec),10192(msec),timeout30
1,3,276.5,11,0,100,9.422471199(sec),10546(msec),timeout30
1,3,262.8,11,0,100,9.027884402(sec),9917(msec),timeout30
1,3,260.2,11,0,100,8.869920447(sec),9834(msec),timeout30
1,3,290.4,10,0,100,10.128451128(sec),11289(msec),timeout30
1,3,246.4,12,0,100,8.513885377000001(sec),9880(msec),timeout30
1,3,294.7,10,0,100,10.24733902(sec),11370(msec),timeout30
1,3,523.3,5,0,100,18.762842103(sec),20245(msec),timeout30
1,3,1311.7,2,1,100,44.170983891000006(sec),46232(msec),timeout30
1,3,272.8,11,0,100,9.448928869(sec),10761(msec),timeout30
1,3,310.4,9,0,100,10.614148137(sec),12038(msec),timeout30
1,3,294.1,10,0,100,10.129219765(sec),11606(msec),timeout30
1,3,318.2,9,0,100,10.887606683(sec),12134(msec),timeout30
1,3,283.7,10,0,100,9.840415228(sec),11293(msec),timeout30
1,3,266.6,11,0,100,9.231514918(sec),10716(msec),timeout30
1,3,278.6,10,0,100,9.683583952000001(sec),10793(msec),timeout30
1,3,262.5,11,0,100,9.12262635(sec),10256(msec),timeout30
1,3,261.5,11,0,100,9.053243049(sec),10461(msec),timeout30
1,3,236.9,12,0,100,8.148018245(sec),9515(msec),timeout30
1,3,394.6,7,0,100,13.40479421(sec),14388(msec),timeout30
1,3,271,11,0,100,9.345977324(sec),10881(msec),timeout30
1,3,255,11,0,100,8.943962541000001(sec),10054(msec),timeout30
1,3,272.9,11,0,100,9.413399282(sec),10689(msec),timeout30
1,3,258.4,11,0,100,8.960813914000001(sec),10466(msec),timeout30
1,3,270,11,0,100,9.376372675(sec),10698(msec),timeout30
1,3,300.1,10,0,100,10.3375849(sec),11812(msec),timeout30
1,3,244.3,12,0,100,8.38564201(sec),9606(msec),timeout30
1,3,243.4,12,0,100,8.455442856(sec),9473(msec),timeout30
1,3,293.6,10,0,100,10.144868689(sec),11462(msec),timeout30
1,3,274,11,0,100,9.425388013(sec),10770(msec),timeout30
1,3,259.8,11,0,100,9.026858196(sec),10501(msec),timeout30
1,3,286.7,10,0,100,9.817870687000001(sec),10721(msec),timeout30
1,3,294,10,0,100,10.170840392(sec),11524(msec),timeout30
1,3,297.9,10,0,100,10.383197285(sec),11808(msec),timeout30
1,3,275.1,10,0,100,9.576694253(sec),10924(msec),timeout30
1,3,263.5,11,0,100,9.159181891(sec),10393(msec),timeout30
1,3,261.1,11,0,100,8.972933510999999(sec),9957(msec),timeout30
1,3,243.3,12,0,100,8.508352384(sec),9940(msec),timeout30
1,3,296.7,10,0,100,10.343873713(sec),11493(msec),timeout30
1,3,254.6,11,0,100,8.832409971(sec),10123(msec),timeout30
1,3,328.4,9,0,100,11.252009532(sec),12216(msec),timeout30
1,3,243.3,12,0,100,8.546591494(sec),9759(msec),timeout30
1,3,254.9,11,0,100,8.807470244(sec),10131(msec),timeout30
1,3,248.8,12,0,100,8.606697211999998(sec),9825(msec),timeout30
1,3,261,11,0,100,9.041112231(sec),10312(msec),timeout30
1,3,274.5,10,0,100,9.596469869(sec),10797(msec),timeout30
1,3,265.7,11,0,100,9.225713148999999(sec),10575(msec),timeout30
1,3,259.1,11,0,100,8.989347537(sec),10358(msec),timeout30
1,3,263.6,11,0,100,9.123480654000002(sec),10405(msec),timeout30
1,3,254.3,11,0,100,8.766926170000001(sec),10245(msec),timeout30
1,3,287,10,0,100,9.947287638(sec),11270(msec),timeout30
1,3,238.5,12,0,100,8.157253677(sec),9470(msec),timeout30
1,3,263.8,11,0,100,9.073082667000001(sec),9977(msec),timeout30
1,3,282.8,10,0,100,9.889891094000001(sec),11333(msec),timeout30
1,3,270.4,11,0,100,9.354326997(sec),10487(msec),timeout30
1,3,300.1,10,0,100,10.246868831(sec),11295(msec),timeout30
1,3,268.1,11,0,100,9.356122315(sec),10786(msec),timeout30
1,3,273.4,11,0,100,9.351393781999999(sec),10922(msec),timeout30
1,3,266.5,11,0,100,9.216446164(sec),10611(msec),timeout30
1,3,271.2,11,0,100,9.449665747(sec),10846(msec),timeout30
1,3,267.2,11,0,100,9.15271422(sec),10401(msec),timeout30
1,3,250.3,12,0,100,8.533192883(sec),9550(msec),timeout30
1,3,289.2,10,0,100,9.913211365999999(sec),10765(msec),timeout30
1,3,266.9,11,0,100,9.23424731(sec),10727(msec),timeout30
1,3,283.1,10,0,100,9.824425010999999(sec),11069(msec),timeout30
1,3,254.2,11,0,100,8.794312503999999(sec),10190(msec),timeout30
1,5,493.5,10,0,100,10.30396752(sec),11752(msec),timeout30
1,5,235,20,0,100,4.970383879(sec),5900(msec),timeout30
1,5,582.8,8,0,100,12.283983211(sec),13789(msec),timeout30
1,5,574.2,8,0,100,12.878349789(sec),39510(msec),timeout30
1,5,588.5,8,0,100,12.304947572(sec),16555(msec),timeout30
1,5,762.6,6,0,100,15.964384689000001(sec),18048(msec),timeout30
1,5,575.7,8,0,100,11.86517148(sec),12719(msec),timeout30
1,5,545.5,9,0,100,11.423729880000002(sec),12922(msec),timeout30
1,5,515.1,9,0,100,11.337176598(sec),13245(msec),timeout30
1,5,438.4,11,0,100,9.458059377(sec),11103(msec),timeout30
1,5,480.2,10,0,100,10.107292595(sec),11431(msec),timeout30
1,5,449.2,11,0,100,9.421188246(sec),10992(msec),timeout30
1,5,477.7,10,0,100,9.914055294(sec),12059(msec),timeout30
1,5,422.3,11,0,100,9.01653076(sec),10379(msec),timeout30
1,5,417.6,11,0,100,8.825033272(sec),10418(msec),timeout30
1,5,405.5,12,0,100,8.363080851000001(sec),10070(msec),timeout30
1,5,399.5,12,0,100,8.495174328(sec),9792(msec),timeout30
1,5,459.1,10,0,100,9.760427568999999(sec),11195(msec),timeout30
1,5,423.9,11,0,100,8.978810219(sec),10474(msec),timeout30
1,5,396.3,12,0,100,8.442259349(sec),10075(msec),timeout30
1,5,441.5,11,0,100,9.368428787000001(sec),10776(msec),timeout30
1,5,387.6,12,0,100,8.085136659(sec),9589(msec),timeout30
1,5,447.8,11,0,100,9.348332743999999(sec),10877(msec),timeout30
1,5,430.8,11,0,100,8.874307230000001(sec),10355(msec),timeout30
1,5,405.1,12,0,100,8.553867367999999(sec),9902(msec),timeout30
1,5,415.7,11,0,100,8.923378798(sec),10285(msec),timeout30
1,5,471.3,10,0,100,9.862200005(sec),11386(msec),timeout30
1,5,420.1,11,0,100,8.829940333(sec),10523(msec),timeout30
1,5,501.7,9,0,100,10.595549836(sec),12272(msec),timeout30
1,5,443.7,11,0,100,9.47428549(sec),10819(msec),timeout30
1,5,492.9,10,0,100,10.405080309(sec),12091(msec),timeout30
1,5,450.8,10,0,100,9.546251814(sec),10955(msec),timeout30
1,5,484.2,10,0,100,10.173835226(sec),11599(msec),timeout30
1,5,522.5,9,0,100,11.068162719(sec),12504(msec),timeout30
1,5,434,11,0,100,9.287731207(sec),10833(msec),timeout30
1,5,463.1,10,0,100,9.804782391(sec),11287(msec),timeout30
1,5,506.9,9,0,100,10.619672591(sec),12321(msec),timeout30
1,5,468.7,10,0,100,9.727091757(sec),40962(msec),timeout30
1,5,389.1,12,100,100,8.096230914(sec),13610(msec),timeout30
1,5,124.9,34,100,100,2.930631295(sec),9076(msec),timeout30
1,5,75.3,53,100,100,1.898202046(sec),3554(msec),timeout30
1,5,65.6,60,100,100,1.67235048(sec),3124(msec),timeout30
1,5,73.2,54,100,100,1.8393951590000002(sec),3137(msec),timeout30
1,5,65.6,60,100,100,1.6613591470000002(sec),3144(msec),timeout30
1,5,68.4,58,100,100,1.724269058(sec),2859(msec),timeout30
1,5,73.8,55,100,100,1.833795616(sec),3237(msec),timeout30
1,5,75,55,100,100,1.801957181(sec),3357(msec),timeout30
1,5,70,57,100,100,1.769132502(sec),3403(msec),timeout30
1,5,73,59,100,100,1.6921942410000002(sec),2982(msec),timeout30
1,5,80.3,51,100,100,1.9440380169999998(sec),3772(msec),timeout30
1,5,67.5,60,100,100,1.674436161(sec),3177(msec),timeout30
1,5,163,28,100,100,3.571281662(sec),5525(msec),timeout30
1,5,76.4,54,100,100,1.844402313(sec),3467(msec),timeout30
1,5,86.5,47,100,100,2.130646108(sec),3737(msec),timeout30
1,5,79.8,50,100,100,2.001174191(sec),3658(msec),timeout30
1,5,392.1,6,84,100,17.940052453(sec),22417(msec),timeout30
1,5,710.9,7,0,100,14.816123308(sec),16808(msec),timeout30
1,5,534,9,0,100,11.053180112(sec),12271(msec),timeout30
1,5,481.9,10,0,100,10.086105627999999(sec),11551(msec),timeout30
1,5,444,11,0,100,9.381234638(sec),10814(msec),timeout30
1,5,483,10,0,100,10.043286446(sec),11137(msec),timeout30
1,5,453.5,10,0,100,9.579528956(sec),11216(msec),timeout30
1,5,429.8,11,0,100,8.915793217000001(sec),10055(msec),timeout30
1,5,450.2,10,0,100,9.679887107(sec),10758(msec),timeout30
1,5,423.7,11,0,100,8.964434918999999(sec),10681(msec),timeout30
1,5,560.1,8,0,100,11.836083079(sec),13417(msec),timeout30
1,5,441,11,0,100,9.350242066(sec),11030(msec),timeout30
1,5,411.9,11,0,100,8.8740674(sec),9878(msec),timeout30
1,5,438.1,11,0,100,9.183392081(sec),10785(msec),timeout30
1,5,430.3,11,0,100,8.984760005(sec),10594(msec),timeout30
1,5,448,10,0,100,9.565292583(sec),11077(msec),timeout30
1,5,420.3,11,0,100,8.915239635(sec),10521(msec),timeout30
1,5,431,11,0,100,9.13363535(sec),10813(msec),timeout30
1,5,504.8,9,0,100,10.5771626(sec),12171(msec),timeout30
1,5,410.4,12,0,100,8.644975603999999(sec),9789(msec),timeout30
1,5,448.7,11,0,100,9.401661184(sec),10871(msec),timeout30
1,5,406.2,12,0,100,8.468908254(sec),10052(msec),timeout30
1,5,457.4,11,0,100,9.431789108999999(sec),10415(msec),timeout30
1,5,407.5,12,0,100,8.574927555(sec),9851(msec),timeout30
1,5,428.3,11,0,100,9.11809217(sec),10536(msec),timeout30
1,5,436,11,0,100,9.363618639(sec),10662(msec),timeout30
1,5,405.4,12,0,100,8.442882387(sec),9851(msec),timeout30
1,5,453.5,10,0,100,9.659881552(sec),11606(msec),timeout30
1,5,458.8,10,0,100,9.797799956999999(sec),11378(msec),timeout30
1,5,436.8,11,0,100,9.225139132(sec),10892(msec),timeout30
1,5,368.6,13,0,100,7.742593857(sec),8874(msec),timeout30
1,5,426.9,11,0,100,8.98059596(sec),10335(msec),timeout30
1,5,420.9,11,0,100,8.964891966(sec),10402(msec),timeout30
1,5,419,11,0,100,8.761658566(sec),10471(msec),timeout30
1,5,436.1,11,0,100,9.230404013(sec),10314(msec),timeout30
1,5,419,11,0,100,8.980835188(sec),10405(msec),timeout30
1,5,391.1,12,0,100,8.377631175000001(sec),10017(msec),timeout30
1,5,418,11,0,100,8.880361623999999(sec),10167(msec),timeout30
1,5,413.5,11,0,100,8.791748164000001(sec),9806(msec),timeout30
1,5,383.5,12,0,100,8.222967467(sec),9300(msec),timeout30
1,5,420.9,11,0,100,8.858531234(sec),10142(msec),timeout30
1,5,541.9,9,0,100,11.315767869(sec),14224(msec),timeout30
1,5,790.5,6,0,100,16.898404406(sec),18659(msec),timeout30
1,5,769.5,6,0,100,16.972854442(sec),43336(msec),timeout30
1,5,599.4,6,0,100,18.01447577(sec),37877(msec),timeout30
1,7,709.7,9,0,100,10.914521937(sec),12745(msec),timeout30
1,7,675.1,10,0,100,10.383599027(sec),12134(msec),timeout30
1,7,656.5,10,0,100,9.887171866000001(sec),11669(msec),timeout30
1,7,690.8,10,0,100,10.361280877999999(sec),11626(msec),timeout30
1,7,611.4,11,0,100,9.472654613000001(sec),11176(msec),timeout30
1,7,605.8,11,0,100,9.179655264(sec),10997(msec),timeout30
1,7,705.9,9,0,100,10.773265815(sec),12446(msec),timeout30
1,7,559,12,0,100,8.597788025(sec),9870(msec),timeout30
1,7,600,11,0,100,9.214227745(sec),10339(msec),timeout30
1,7,545.9,12,0,100,8.36198805(sec),10079(msec),timeout30
1,7,656.6,10,0,100,10.142773743(sec),11758(msec),timeout30
1,7,585.9,11,0,100,9.067788142(sec),10662(msec),timeout30
1,7,550.1,12,0,100,8.657929727(sec),10164(msec),timeout30
1,7,578.4,11,0,100,8.913502839000001(sec),10556(msec),timeout30
1,7,594,11,0,100,9.114473759000001(sec),10601(msec),timeout30
1,7,586.6,11,0,100,9.030236194999999(sec),10613(msec),timeout30
1,7,581,11,0,100,8.956542807(sec),10589(msec),timeout30
1,7,601.7,11,0,100,9.069576418(sec),10797(msec),timeout30
1,7,611.9,11,0,100,9.323032606(sec),10805(msec),timeout30
1,7,603.4,11,0,100,9.246235845(sec),10784(msec),timeout30
1,7,601.4,11,0,100,9.17410198(sec),10824(msec),timeout30
1,7,564.2,11,0,100,8.797570844(sec),10359(msec),timeout30
1,7,548.7,12,0,100,8.347679018000001(sec),10091(msec),timeout30
1,7,616.5,10,0,100,9.528486274999999(sec),11102(msec),timeout30
1,7,559.2,12,0,100,8.594534793000001(sec),10160(msec),timeout30
1,7,562.1,12,0,100,8.414187603(sec),9764(msec),timeout30
1,7,595,10,0,100,9.607642475(sec),11070(msec),timeout30
1,7,819.3,8,0,100,12.358496462(sec),15144(msec),timeout30
1,7,909.3,7,0,100,13.915929148(sec),15827(msec),timeout30
1,7,830.7,8,0,100,12.489089545(sec),14714(msec),timeout30
1,7,716.9,9,0,100,11.002946902(sec),12844(msec),timeout30
1,7,628,10,0,100,9.618643141(sec),11040(msec),timeout30
1,7,646.7,10,0,100,9.787826311(sec),12313(msec),timeout30
1,7,607.1,11,0,100,9.167368721999999(sec),11037(msec),timeout30
1,7,623.6,11,0,100,9.358920799(sec),10891(msec),timeout30
1,7,640.1,10,0,100,9.723267874(sec),11509(msec),timeout30
1,7,597.7,11,0,100,9.191627901(sec),10795(msec),timeout30
1,7,568.9,11,0,100,8.886790027(sec),10169(msec),timeout30
1,7,591.4,11,0,100,9.171582332(sec),10587(msec),timeout30
1,7,632.2,11,0,100,9.444241565(sec),10674(msec),timeout30
1,7,521.5,12,0,100,8.208640237(sec),9535(msec),timeout30
1,7,554.9,12,0,100,8.500331988(sec),10078(msec),timeout30
1,7,589,11,0,100,8.926881412999998(sec),10059(msec),timeout30
1,7,591.9,11,0,100,8.890773137(sec),10129(msec),timeout30
1,7,600.6,11,0,100,9.158872751999999(sec),10781(msec),timeout30
1,7,601.3,11,0,100,8.926862458(sec),10763(msec),timeout30
1,7,584,11,0,100,9.027661948(sec),10689(msec),timeout30
1,7,584.5,11,0,100,8.958282584(sec),10678(msec),timeout30
1,7,574.5,11,0,100,8.794638318999999(sec),10388(msec),timeout30
1,7,676.6,10,0,100,10.150830492999999(sec),12807(msec),timeout30
1,7,797.9,8,0,100,11.889903816(sec),14599(msec),timeout30
1,7,831,8,0,100,12.334956505000001(sec),14477(msec),timeout30
1,7,696.8,9,0,100,10.612537805(sec),15131(msec),timeout30
1,7,663.6,10,0,100,10.083505546(sec),11776(msec),timeout30
1,7,701.8,9,0,100,10.578839364(sec),12073(msec),timeout30
1,7,611,11,0,100,9.451644570000001(sec),10621(msec),timeout30
1,7,643.3,10,0,100,9.891172468(sec),11502(msec),timeout30
1,7,622.2,10,0,100,9.56659245(sec),11088(msec),timeout30
1,7,583.3,11,0,100,8.923214549(sec),10556(msec),timeout30
1,7,594.4,11,0,100,9.018273596(sec),10202(msec),timeout30
1,7,580.1,11,0,100,8.962341471(sec),10520(msec),timeout30
1,7,595.8,11,0,100,9.000864183(sec),10784(msec),timeout30
1,7,588.3,11,0,100,9.043428178000001(sec),10757(msec),timeout30
1,7,558.9,12,0,100,8.467007106(sec),10151(msec),timeout30
1,7,663.9,10,0,100,9.929888075000001(sec),11809(msec),timeout30
1,7,559.7,12,0,100,8.628871902(sec),10344(msec),timeout30
1,7,600.5,11,0,100,9.088509214(sec),10933(msec),timeout30
1,7,595.5,11,0,100,9.093925219(sec),10762(msec),timeout30
1,7,595.3,11,0,100,8.974445032(sec),10776(msec),timeout30
1,7,612.5,11,0,100,9.302835914(sec),10895(msec),timeout30
1,7,581.2,11,0,100,8.819450283(sec),10438(msec),timeout30
1,7,578.8,11,0,100,8.924534173(sec),10122(msec),timeout30
1,7,643.9,10,0,100,9.688426847(sec),11151(msec),timeout30
1,7,586.7,11,0,100,9.006379265(sec),10570(msec),timeout30
1,7,580.6,11,0,100,9.014816404(sec),10646(msec),timeout30
1,7,563.8,12,0,100,8.538751953999999(sec),10245(msec),timeout30
1,7,554.7,12,0,100,8.611008668(sec),10107(msec),timeout30
1,7,577.5,11,0,100,8.963474364(sec),10694(msec),timeout30
1,7,567.5,12,0,100,8.569802524999998(sec),9676(msec),timeout30
1,7,609.9,11,0,100,9.214430106(sec),10857(msec),timeout30
1,7,669.5,10,0,100,10.004384324(sec),11586(msec),timeout30
1,7,590.4,11,0,100,8.910685664(sec),10656(msec),timeout30
1,7,559,12,0,100,8.382216665(sec),9364(msec),timeout30
1,7,562.5,12,0,100,8.590850125000001(sec),10289(msec),timeout30
1,7,569.9,11,0,100,8.773927204(sec),10513(msec),timeout30
1,7,593,11,0,100,9.079280315(sec),11085(msec),timeout30
1,7,561.6,12,0,100,8.526741034(sec),10308(msec),timeout30
1,7,651.6,10,0,100,9.804001141999999(sec),11723(msec),timeout30
1,7,589.7,11,0,100,9.177324381(sec),10700(msec),timeout30
1,7,573,11,0,100,8.831473049(sec),10493(msec),timeout30
1,7,612.2,11,0,100,9.377710786(sec),11095(msec),timeout30
1,7,594.8,10,0,100,9.650844831(sec),11018(msec),timeout30
1,7,591.7,11,0,100,9.056308232(sec),10742(msec),timeout30
1,7,600,11,0,100,8.940926388(sec),10267(msec),timeout30
1,7,535.1,12,0,100,8.141569362(sec),10331(msec),timeout30
1,7,684.2,10,0,100,10.407070032(sec),12241(msec),timeout30
1,7,833.8,8,0,100,12.469364073000001(sec),15590(msec),timeout30
1,7,1066.3,6,0,100,15.704505826(sec),19377(msec),timeout30
1,7,868.9,8,0,100,12.963567023(sec),14572(msec),timeout30
1,7,836.9,8,0,100,12.862887299(sec),15252(msec),timeout30
1,9,882.4,10,0,100,10.349951811(sec),12529(msec),timeout30
1,9,1157,7,0,100,13.572809635(sec),16423(msec),timeout30
1,9,989.3,8,0,100,12.290449708(sec),14961(msec),timeout30
1,9,960.4,9,0,100,11.486199497(sec),15740(msec),timeout30
1,9,1080.6,8,0,100,12.82110074(sec),15332(msec),timeout30
1,9,1152.3,7,0,100,15.230460018(sec),50520(msec),timeout30
1,9,1972.5,4,0,100,25.692302819000002(sec),41138(msec),timeout30
1,9,878.5,9,0,100,10.526770549999998(sec),13533(msec),timeout30
1,9,780.5,10,0,100,9.62625992(sec),11692(msec),timeout30
1,9,790.7,10,0,100,9.650630126(sec),11117(msec),timeout30
1,9,773.2,11,0,100,9.261136963999999(sec),11116(msec),timeout30
1,9,838.8,10,0,100,10.049392384999999(sec),12166(msec),timeout30
1,9,759.7,11,0,100,8.984470498999999(sec),11074(msec),timeout30
1,9,728.1,11,0,100,8.917262591(sec),10229(msec),timeout30
1,9,653.3,13,0,100,7.942644366000001(sec),9188(msec),timeout30
1,9,405.5,20,0,100,4.979153476(sec),6122(msec),timeout30
1,9,658.4,13,0,100,7.793935391(sec),9765(msec),timeout30
1,9,750.1,11,0,100,8.946153930000001(sec),10400(msec),timeout30
1,9,732.6,11,0,100,8.753847705(sec),10977(msec),timeout30
1,9,780,11,0,100,9.336343510999999(sec),13242(msec),timeout30
1,9,821.4,10,0,100,10.238796559(sec),12295(msec),timeout30
1,9,865.5,10,0,100,10.352185664(sec),12840(msec),timeout30
1,9,889.1,9,0,100,10.839735437(sec),13078(msec),timeout30
1,9,831.1,10,0,100,9.778952477(sec),11406(msec),timeout30
1,9,857.1,10,0,100,10.523821044(sec),12445(msec),timeout30
1,9,934,9,0,100,10.855970094(sec),13609(msec),timeout30
1,9,1290.3,7,0,100,15.169230319(sec),17603(msec),timeout30
1,9,988.7,8,0,100,11.902030873(sec),14526(msec),timeout30
1,9,647.3,12,0,100,8.406691788(sec),10008(msec),timeout30
1,9,693.9,11,0,100,8.816353576(sec),10956(msec),timeout30
1,9,765.8,11,0,100,9.023520564(sec),11215(msec),timeout30
1,9,703.5,12,0,100,8.642173661000001(sec),10925(msec),timeout30
1,9,763,11,0,100,9.473835606(sec),11282(msec),timeout30
1,9,713.9,12,0,100,8.573160251(sec),10123(msec),timeout30
1,9,733.8,11,0,100,8.870800495(sec),10280(msec),timeout30
1,9,725.5,11,0,100,8.871214128(sec),10003(msec),timeout30
1,9,687,12,0,100,8.254225988(sec),9911(msec),timeout30
1,9,742.5,11,0,100,9.034865765000001(sec),10993(msec),timeout30
1,9,686.4,12,0,100,8.323631587(sec),10078(msec),timeout30
1,9,687.4,12,0,100,8.363882703(sec),10367(msec),timeout30
1,9,749.2,11,0,100,9.355332022(sec),11302(msec),timeout30
1,9,679.9,12,0,100,8.153667912(sec),11541(msec),timeout30
                                                          


Mon  4 Mar 12:18:36 UTC 2019
ow concurrency,loadtestconcurrency,latency,rps,errors,requests,totaltime(sec),realtotaltime(msec),payloadfile



Mon  4 Mar 12:19:49 UTC 2019
ow concurrency,loadtestconcurrency,latency,rps,errors,requests,totaltime(sec),realtotaltime(msec),payloadfile



Mon  4 Mar 12:20:53 UTC 2019
ow concurrency,loadtestconcurrency,latency,rps,errors,requests,totaltime(sec),realtotaltime(msec),payloadfile



Mon  4 Mar 12:31:34 UTC 2019
ow concurrency,loadtestconcurrency,latency,rps,errors,requests,totaltime(sec),realtotaltime(msec),payloadfile



Mon  4 Mar 12:33:55 UTC 2019
ow concurrency,loadtestconcurrency,latency,rps,errors,requests,totaltime(sec),realtotaltime(msec),payloadfile



Mon  4 Mar 12:37:35 UTC 2019
ow concurrency,loadtestconcurrency,latency,rps,errors,requests,totaltime(sec),realtotaltime(msec),payloadfile



Mon  4 Mar 14:28:34 UTC 2019
ow concurrency,loadtestconcurrency,latency,rps,errors,requests,totaltime(sec),realtotaltime(msec),payloadfile



Mon  4 Mar 14:29:49 UTC 2019
ow concurrency,loadtestconcurrency,latency,rps,errors,requests,totaltime(sec),realtotaltime(msec),payloadfile



Mon  4 Mar 14:31:08 UTC 2019
ow concurrency,loadtestconcurrency,latency,rps,errors,requests,totaltime(sec),realtotaltime(msec),payloadfile



Mon  4 Mar 14:31:50 UTC 2019
ow concurrency,loadtestconcurrency,latency,rps,errors,requests,totaltime(sec),realtotaltime(msec),payloadfile



Mon  4 Mar 14:32:09 UTC 2019
ow concurrency,loadtestconcurrency,latency,rps,errors,requests,totaltime(sec),realtotaltime(msec),payloadfile



Mon  4 Mar 14:32:19 UTC 2019
ow concurrency,loadtestconcurrency,latency,rps,errors,requests,totaltime(sec),realtotaltime(msec),payloadfile



Mon  4 Mar 14:32:38 UTC 2019
ow concurrency,loadtestconcurrency,latency,rps,errors,requests,totaltime(sec),realtotaltime(msec),payloadfile



Mon  4 Mar 14:33:07 UTC 2019
ow concurrency,loadtestconcurrency,latency,rps,errors,requests,totaltime(sec),realtotaltime(msec),payloadfile



Mon  4 Mar 14:33:43 UTC 2019
ow concurrency,loadtestconcurrency,latency,rps,errors,requests,totaltime(sec),realtotaltime(msec),payloadfile



Mon  4 Mar 14:34:12 UTC 2019
ow concurrency,loadtestconcurrency,latency,rps,errors,requests,totaltime(sec),realtotaltime(msec),payloadfile



Mon  4 Mar 14:34:37 UTC 2019
ow concurrency,loadtestconcurrency,latency,rps,errors,requests,totaltime(sec),realtotaltime(msec),payloadfile



Mon  4 Mar 14:35:07 UTC 2019
ow concurrency,loadtestconcurrency,latency,rps,errors,requests,totaltime(sec),realtotaltime(msec),payloadfile



Mon  4 Mar 14:35:25 UTC 2019
ow concurrency,loadtestconcurrency,latency,rps,errors,requests,totaltime(sec),realtotaltime(msec),payloadfile



Mon  4 Mar 14:36:05 UTC 2019
ow concurrency,loadtestconcurrency,latency,rps,errors,requests,totaltime(sec),realtotaltime(msec),payloadfile



Mon  4 Mar 14:36:34 UTC 2019
ow concurrency,loadtestconcurrency,latency,rps,errors,requests,totaltime(sec),realtotaltime(msec),payloadfile



Mon  4 Mar 14:36:44 UTC 2019
ow concurrency,loadtestconcurrency,latency,rps,errors,requests,totaltime(sec),realtotaltime(msec),payloadfile



Mon  4 Mar 14:37:17 UTC 2019
ow concurrency,loadtestconcurrency,latency,rps,errors,requests,totaltime(sec),realtotaltime(msec),payloadfile



Mon  4 Mar 14:38:38 UTC 2019
ow concurrency,loadtestconcurrency,latency,rps,errors,requests,totaltime(sec),realtotaltime(msec),payloadfile



Mon  4 Mar 14:39:01 UTC 2019
ow concurrency,loadtestconcurrency,latency,rps,errors,requests,totaltime(sec),realtotaltime(msec),payloadfile



Mon  4 Mar 14:39:14 UTC 2019
ow concurrency,loadtestconcurrency,latency,rps,errors,requests,totaltime(sec),realtotaltime(msec),payloadfile



Mon  4 Mar 14:40:03 UTC 2019
ow concurrency,loadtestconcurrency,latency,rps,errors,requests,totaltime(sec),realtotaltime(msec),payloadfile



Mon  4 Mar 14:45:14 UTC 2019
ow concurrency,loadtestconcurrency,latency,rps,errors,requests,totaltime(sec),realtotaltime(msec),payloadfile
1,1,156.4,6,0,100,15.75689406(sec),16580(msec),timeout30
1,1,137.3,7,0,100,13.838940519(sec),14631(msec),timeout30
1,1,127.1,8,0,100,12.845413746(sec),14083(msec),timeout30
1,1,124.9,8,0,100,12.626816763999999(sec),13960(msec),timeout30
1,1,113.9,9,0,100,11.472038339000001(sec),12257(msec),timeout30
1,1,118.1,8,0,100,11.926354042000002(sec),12727(msec),timeout30
1,1,118.5,8,0,100,11.957301364000001(sec),13150(msec),timeout30
1,1,125,8,0,100,12.621777855(sec),13429(msec),timeout30
1,1,127.3,8,0,100,12.838517205(sec),14220(msec),timeout30
1,1,124.6,8,0,100,12.537585031(sec),13358(msec),timeout30
1,1,126.3,8,0,100,12.737659947000001(sec),13978(msec),timeout30
1,1,119,8,0,100,11.984673726999999(sec),13205(msec),timeout30
1,1,134.1,7,0,100,13.495695529(sec),14290(msec),timeout30
1,1,202.4,5,0,100,20.357865439(sec),21727(msec),timeout30
1,1,272.3,4,0,100,27.354958107999998(sec),28831(msec),timeout30
1,1,321.3,3,0,100,32.2646237(sec),33758(msec),timeout30
1,1,284.3,4,0,100,28.527944869(sec),29840(msec),timeout30
1,1,135.4,7,0,100,13.650906951000001(sec),14873(msec),timeout30
1,1,126.9,8,0,100,12.780705848(sec),14108(msec),timeout30
1,1,130,8,0,100,13.108160637000001(sec),14308(msec),timeout30
1,1,124,8,0,100,12.510403184000001(sec),13402(msec),timeout30
1,1,121.4,8,0,100,12.243363412(sec),13312(msec),timeout30
1,1,129.3,8,0,100,13.013727043000001(sec),13842(msec),timeout30
1,1,117.2,8,0,100,11.806854229(sec),12611(msec),timeout30
1,1,119.3,8,0,100,12.011038652(sec),12820(msec),timeout30
1,1,118.1,8,0,100,11.917164783(sec),13134(msec),timeout30
1,1,128.5,8,0,100,12.954613037(sec),14302(msec),timeout30
1,1,128,8,0,100,12.947137357999999(sec),13794(msec),timeout30
1,1,120.3,8,0,100,12.144429393000001(sec),13363(msec),timeout30
1,1,112.2,9,0,100,11.325851105(sec),12154(msec),timeout30
1,1,119.6,8,0,100,12.072620503(sec),12866(msec),timeout30
1,1,115.2,9,0,100,11.634444656(sec),12458(msec),timeout30
1,1,115.7,9,0,100,11.685797378(sec),12756(msec),timeout30
1,1,123.5,8,0,100,12.456887258(sec),13413(msec),timeout30
1,1,120.6,8,0,100,12.167158298(sec),13220(msec),timeout30
1,1,120.6,8,0,100,12.2016045(sec),13171(msec),timeout30
1,1,125.6,8,0,100,12.638296956(sec),13446(msec),timeout30
1,1,185.7,5,0,100,18.712010391(sec),19749(msec),timeout30
1,1,257.1,4,0,100,25.788868222(sec),27379(msec),timeout30
1,1,261.1,4,0,100,26.239229404000003(sec),28014(msec),timeout30
1,1,258.7,4,0,100,26.001164095(sec),27883(msec),timeout30
1,1,158.6,6,0,100,15.998951542999999(sec),17403(msec),timeout30
1,1,127.9,8,0,100,12.896797200000002(sec),14150(msec),timeout30
1,1,118.1,8,0,100,11.922351992(sec),12715(msec),timeout30
1,1,123.6,8,0,100,12.503203839(sec),13604(msec),timeout30
1,1,117.1,8,0,100,11.825834838999999(sec),13125(msec),timeout30
1,1,113.9,9,0,100,11.511040425(sec),12321(msec),timeout30
1,1,122.5,8,0,100,12.366388423(sec),13199(msec),timeout30
1,1,115.9,9,0,100,11.700581322(sec),12485(msec),timeout30
1,1,124.9,8,0,100,12.596338386(sec),13855(msec),timeout30
1,1,131.3,8,0,100,13.247486767(sec),14397(msec),timeout30
1,1,115.5,9,0,100,11.660988767000001(sec),12827(msec),timeout30
1,1,131.5,8,0,100,13.272474147999999(sec),14307(msec),timeout30
1,1,129.6,8,0,100,13.067202779999999(sec),14020(msec),timeout30
1,1,113,9,0,100,11.376949918000001(sec),12665(msec),timeout30
1,1,119.5,8,0,100,12.051494453(sec),13068(msec),timeout30
1,1,120.7,8,0,100,12.208790438(sec),13446(msec),timeout30
1,1,113.3,9,0,100,11.471260560000001(sec),12525(msec),timeout30
1,1,117.7,8,0,100,11.906711945(sec),12932(msec),timeout30
1,1,129.1,8,0,100,13.022174746000001(sec),13801(msec),timeout30
1,1,110,9,0,100,11.0866311(sec),12264(msec),timeout30
1,1,122.3,8,0,100,12.370314177000001(sec),13476(msec),timeout30
1,1,111.2,9,0,100,11.211737516(sec),12003(msec),timeout30
1,1,123.1,8,0,100,12.425311254(sec),13441(msec),timeout30
1,1,122.4,8,0,100,12.342038004(sec),13500(msec),timeout30
1,1,121.5,8,0,100,12.234252204(sec),13513(msec),timeout30
1,1,129.3,8,0,100,13.050242249(sec),13968(msec),timeout30
1,1,119.3,8,0,100,12.007126039000001(sec),13288(msec),timeout30
1,1,119.6,8,0,100,12.066735674(sec),13345(msec),timeout30



Mon  4 Mar 15:10:32 UTC 2019
ow concurrency,loadtestconcurrency,latency,rps,errors,requests,totaltime(sec),realtotaltime(msec),payloadfile
1,1,154.9,6,0,100,15.5762834(sec),16824(msec),timeout30
1,1,146.4,7,0,100,14.771790689(sec),15743(msec),timeout30
1,1,137.3,7,0,100,13.843048456(sec),14974(msec),timeout30
1,1,121.1,8,0,100,12.239794475999998(sec),13504(msec),timeout30
1,1,117.5,8,0,100,11.834186921(sec),13089(msec),timeout30
1,1,123.9,8,0,100,12.471338604(sec),13284(msec),timeout30
1,1,142.4,7,0,100,14.34609845(sec),15689(msec),timeout30
1,1,123.7,8,0,100,12.452396571(sec),13270(msec),timeout30
1,1,119.2,8,0,100,12.030619899(sec),12905(msec),timeout30
1,1,122.6,8,0,100,12.365745279(sec),13313(msec),timeout30
1,2,212.2,9,0,100,10.879621890000001(sec),11738(msec),timeout30
1,2,324.8,6,0,100,16.466466765(sec),17669(msec),timeout30
1,2,205.3,9,0,100,10.610700349(sec),12084(msec),timeout30
1,2,208.7,9,0,100,10.773181932(sec),12267(msec),timeout30
1,2,230.4,8,0,100,11.822962351(sec),13302(msec),timeout30
1,2,231.9,8,0,100,11.895926276(sec),13434(msec),timeout30
1,2,366.2,5,0,100,18.622543839000002(sec),19856(msec),timeout30
1,2,217.3,9,0,100,11.198204809(sec),12713(msec),timeout30
1,2,192,10,0,100,9.824924590999998(sec),11253(msec),timeout30
1,2,194.2,10,0,100,9.994774564(sec),11526(msec),timeout30
1,3,322.7,9,0,100,11.023460593(sec),12547(msec),timeout30
1,3,282.7,10,0,100,9.80526303(sec),11383(msec),timeout30
1,3,279.5,10,0,100,9.713167063(sec),11329(msec),timeout30
1,3,271.5,11,0,100,9.369790555(sec),11540(msec),timeout30
1,3,348.9,8,0,100,11.970592336(sec),13633(msec),timeout30
1,3,308,9,0,100,10.658790935999999(sec),12032(msec),timeout30
1,3,275.2,10,0,100,9.550927457(sec),11201(msec),timeout30
1,3,282.1,10,0,100,9.802152436(sec),11321(msec),timeout30
1,3,351.5,8,0,100,12.102794517(sec),13666(msec),timeout30
1,3,345.2,8,0,100,11.873647444(sec),13497(msec),timeout30
1,4,392,10,0,100,10.269787264(sec),11908(msec),timeout30
1,4,386.3,10,0,100,10.130716438(sec),11815(msec),timeout30
1,4,460.2,8,0,100,12.015482052(sec),13568(msec),timeout30
1,4,448.2,9,0,100,11.579191082(sec),13448(msec),timeout30
1,4,1725.3,2,1,100,64.894750934(sec),69179(msec),timeout30
1,4,620.4,6,0,100,16.022156047(sec),18407(msec),timeout30
1,4,491.4,8,0,100,12.755698675(sec),14461(msec),timeout30
1,4,407.8,9,0,100,10.670382878(sec),12361(msec),timeout30
1,4,458.8,8,0,100,11.944504618000002(sec),13659(msec),timeout30
1,4,399.7,10,0,100,10.397273899(sec),11775(msec),timeout30
1,5,573.3,8,0,100,11.98878504(sec),13744(msec),timeout30
1,5,488.4,10,0,100,10.306822410999999(sec),12098(msec),timeout30
1,5,619.2,8,0,100,12.869446008(sec),15134(msec),timeout30
1,5,466.8,10,0,100,9.865777045000002(sec),11655(msec),timeout30
1,5,536.7,9,0,100,11.226465743999999(sec),12926(msec),timeout30
1,5,509.6,9,0,100,10.69365277(sec),12541(msec),timeout30
1,5,517.4,9,0,100,10.744363034(sec),13372(msec),timeout30
1,5,435.3,11,0,100,9.199328068000002(sec),10666(msec),timeout30
1,5,504.1,9,0,100,10.55168922(sec),12339(msec),timeout30
1,5,452.6,11,0,100,9.461952103(sec),11075(msec),timeout30
1,6,636.6,9,0,100,11.197551774999999(sec),13079(msec),timeout30
1,6,680.1,8,0,100,12.077283211(sec),14740(msec),timeout30
1,6,631.3,9,0,100,11.405395019(sec),13289(msec),timeout30
1,6,554.3,10,0,100,9.795728526000001(sec),13335(msec),timeout30
1,6,666.7,9,0,100,11.695280505000001(sec),13518(msec),timeout30
1,6,556.3,10,0,100,9.832155243999999(sec),15116(msec),timeout30
1,6,613.7,9,0,100,10.805922184(sec),12941(msec),timeout30
1,6,576.7,10,0,100,10.189923529(sec),12118(msec),timeout30
1,6,1215.8,5,0,100,20.828045248(sec),23544(msec),timeout30
1,6,965.3,6,0,100,17.077890438999997(sec),25010(msec),timeout30
1,7,941.6,7,0,100,14.144557138(sec),18893(msec),timeout30
1,7,860.4,8,0,100,13.237007252(sec),17021(msec),timeout30
1,7,808.8,8,0,100,12.262537732(sec),16763(msec),timeout30
1,7,924.1,7,0,100,13.832487959(sec),16192(msec),timeout30
1,7,1109,6,0,100,17.13561936(sec),23798(msec),timeout30
1,7,1195.2,6,0,100,17.820782784(sec),21592(msec),timeout30
1,7,1386.1,5,0,100,20.561095508999998(sec),23544(msec),timeout30
1,7,747.3,9,0,100,11.356922553(sec),13660(msec),timeout30
1,7,1220.2,6,0,100,18.12278701(sec),20570(msec),timeout30
1,7,911.3,7,0,100,13.703359463(sec),24993(msec),timeout30
1,8,1221.5,6,0,100,15.922012174999999(sec),18064(msec),timeout30
1,8,877.3,9,0,100,11.649224549000001(sec),13607(msec),timeout30
1,8,753.7,10,0,100,10.075814428(sec),12138(msec),timeout30
1,8,961.4,8,0,100,12.697933107999999(sec),15021(msec),timeout30
1,8,11041.3,1,29,100,182.802281975(sec),211851(msec),timeout30
1,8,5534.4,1,0,100,75.074300001(sec),94555(msec),timeout30
1,8,3526,2,0,100,48.606826844000004(sec),53918(msec),timeout30
1,8,2116.2,4,0,100,27.249069819(sec),29367(msec),timeout30
1,8,1166,7,0,100,15.233012784(sec),17269(msec),timeout30
1,8,1311,6,0,100,17.029657716000003(sec),18873(msec),timeout30
1,9,966.4,9,0,100,11.576768393(sec),13504(msec),timeout30
1,9,1144.3,8,0,100,13.290094081(sec),16964(msec),timeout30
1,9,1179.1,7,0,100,14.782644425(sec),19234(msec),timeout30
1,9,923,9,0,100,11.056197948000001(sec),13527(msec),timeout30
1,9,923.8,9,0,100,10.995050094(sec),13334(msec),timeout30
1,9,1201.5,7,0,100,14.101705013(sec),16301(msec),timeout30
1,9,4417.1,2,8,100,49.857441729(sec),52326(msec),timeout30



Mon  4 Mar 15:49:32 UTC 2019
ow concurrency,loadtestconcurrency,latency,rps,errors,requests,totaltime(sec),realtotaltime(msec),payloadfile
1,1,159.8,6,0,100,16.063718131999998(sec),17261(msec),timeout30
1,1,128.7,8,0,100,12.968956465(sec),13762(msec),timeout30
1,1,133.5,7,0,100,13.428702605(sec),14294(msec),timeout30
1,3,301.5,10,0,100,10.30190306(sec),11714(msec),timeout30
1,3,305,10,0,100,10.419836233(sec),11959(msec),timeout30
1,3,349.4,8,0,100,12.014377114(sec),13651(msec),timeout30
1,5,505.3,9,0,100,10.646617451000001(sec),12120(msec),timeout30
1,5,572.8,8,0,100,11.969708949(sec),15591(msec),timeout30
1,5,499.5,10,0,100,10.481623310000002(sec),12382(msec),timeout30
1,7,778.8,8,0,100,11.853495789(sec),13779(msec),timeout30
1,7,729.8,9,0,100,11.031751652999999(sec),13011(msec),timeout30
1,7,699,9,0,100,10.604770101(sec),12362(msec),timeout30
1,9,1630,5,0,100,19.010444404(sec),22687(msec),timeout30
1,9,1017.2,8,0,100,12.060422925000001(sec),14472(msec),timeout30
1,9,977.1,9,0,100,11.559390502(sec),13966(msec),timeout30
1,11,1332.3,8,0,100,12.8847082(sec),15153(msec),timeout30
1,11,1044.6,10,0,100,10.285218990999999(sec),12501(msec),timeout30
1,11,1088.7,9,0,100,10.759142743(sec),13016(msec),timeout30
3,1,211.8,5,0,100,21.264123097(sec),22051(msec),timeout30
3,1,200.3,5,0,100,20.147727071000002(sec),21175(msec),timeout30
3,1,179.1,6,0,100,18.025224015(sec),19087(msec),timeout30
3,3,286.6,10,0,100,9.85508781(sec),11288(msec),timeout30
3,3,280.1,10,0,100,9.735191022999999(sec),11198(msec),timeout30
3,3,295.1,10,0,100,10.129808149(sec),11468(msec),timeout30
3,5,386.7,12,0,100,8.105775284(sec),9850(msec),timeout30
3,5,346.2,13,0,100,7.411346181(sec),8881(msec),timeout30
3,5,370.6,13,0,100,7.920360845(sec),9370(msec),timeout30
3,7,529.3,12,0,100,8.057792618(sec),10156(msec),timeout30
3,7,521.5,13,0,100,7.931737845(sec),9569(msec),timeout30
3,7,467.9,14,0,100,7.134661088(sec),8961(msec),timeout30
3,9,594,14,0,100,7.1023731859999994(sec),9152(msec),timeout30
3,9,723.5,12,0,100,8.662566165(sec),10364(msec),timeout30
3,9,547.5,15,0,100,6.6758700300000005(sec),8483(msec),timeout30
3,11,708.7,14,0,100,7.0681268049999995(sec),8836(msec),timeout30
3,11,660.4,15,0,100,6.686456970999999(sec),8675(msec),timeout30
3,11,954.1,11,0,100,9.200486961000001(sec),11053(msec),timeout30
5,1,154.7,6,0,100,15.575386071(sec),16397(msec),timeout30
5,1,136.5,7,0,100,13.73155646(sec),14532(msec),timeout30
5,1,139.2,7,0,100,14.018389790999999(sec),15303(msec),timeout30
5,3,307.7,9,0,100,10.680093651(sec),12022(msec),timeout30
5,3,269.7,11,0,100,9.192313540999999(sec),10118(msec),timeout30
5,3,270.6,11,0,100,9.367890767999999(sec),10666(msec),timeout30
5,5,469,10,0,100,9.76764581(sec),11453(msec),timeout30
5,5,449,11,0,100,9.485783941(sec),10896(msec),timeout30
5,5,431.9,11,0,100,9.058311363000001(sec),10667(msec),timeout30
5,7,547.7,12,0,100,8.401244234(sec),9686(msec),timeout30
5,7,540,12,0,100,8.132015487(sec),9315(msec),timeout30
5,7,485,13,0,100,7.493263314(sec),8929(msec),timeout30
5,9,618.9,14,0,100,7.282710674(sec),8586(msec),timeout30
5,9,649.9,13,0,100,7.910489232(sec),9385(msec),timeout30
5,9,567.7,15,0,100,6.8722772910000005(sec),8576(msec),timeout30
5,11,682.6,15,0,100,6.731711196(sec),9048(msec),timeout30
5,11,629.3,16,0,100,6.147700153(sec),7854(msec),timeout30
5,11,701.5,14,0,100,7.050578123999999(sec),8958(msec),timeout30



Mon  4 Mar 16:27:45 UTC 2019
ow concurrency,loadtestconcurrency,latency,rps,errors,requests,totaltime(sec),realtotaltime(msec),payloadfile
1,1,164.3,6,0,100,16.533352067(sec),17527(msec),timeout30
1,1,134.6,7,0,100,13.604140951(sec),14467(msec),timeout30
1,1,139.1,7,0,100,14.048858606(sec),15019(msec),timeout30
1,1,122.8,8,0,100,12.388781386(sec),13572(msec),timeout30
1,1,125.8,8,0,100,12.686612622(sec),13888(msec),timeout30
1,1,137.6,7,0,100,13.843466939(sec),15136(msec),timeout30
1,1,128.1,8,0,100,12.918251294(sec),13736(msec),timeout30
1,1,122.3,8,0,100,12.363422745(sec),13554(msec),timeout30
1,1,131,8,0,100,13.200917717(sec),14288(msec),timeout30
1,1,133.4,7,0,100,13.458303946(sec),14606(msec),timeout30
1,1,119.9,8,0,100,12.067405719(sec),12924(msec),timeout30
1,1,121.4,8,0,100,12.254467967(sec),13072(msec),timeout30
1,1,123.9,8,0,100,12.503435344(sec),13442(msec),timeout30
1,1,131.6,8,0,100,13.266045002999999(sec),14045(msec),timeout30
1,1,120.8,8,0,100,12.203557159(sec),13274(msec),timeout30
1,1,132.5,7,0,100,13.373038468999999(sec),14150(msec),timeout30
1,1,131,8,0,100,13.185890105(sec),14513(msec),timeout30
1,1,133.6,7,0,100,13.490595773(sec),14731(msec),timeout30
1,1,119.8,8,0,100,12.099122458(sec),13192(msec),timeout30
1,1,136.9,7,0,100,13.82505947(sec),15140(msec),timeout30
1,1,119.7,8,0,100,12.084753358(sec),13285(msec),timeout30
1,1,117.1,8,0,100,11.816429313(sec),12843(msec),timeout30
1,1,149.5,7,0,100,15.08886317(sec),16295(msec),timeout30
1,1,300.7,3,0,100,30.208524904(sec),31313(msec),timeout30
1,1,257,4,0,100,25.837955582(sec),27100(msec),timeout30
1,1,124,8,0,100,12.515277643(sec),13704(msec),timeout30
1,1,144.9,7,0,100,14.638118643(sec),15862(msec),timeout30
1,1,127.4,8,0,100,12.855506927(sec),14037(msec),timeout30
1,1,134.4,7,0,100,13.547704935(sec),14826(msec),timeout30
1,1,137.2,7,0,100,13.862357828(sec),15017(msec),timeout30
1,2,219.1,9,0,100,11.228427908(sec),12178(msec),timeout30
1,2,195.8,10,0,100,10.095323659(sec),11558(msec),timeout30
1,2,212.9,9,0,100,10.924069346(sec),12220(msec),timeout30
1,2,221.1,9,0,100,11.363466714(sec),12709(msec),timeout30
1,2,203,10,0,100,10.422406096000001(sec),11998(msec),timeout30
1,2,218.7,9,0,100,11.236796612000001(sec),12740(msec),timeout30
1,2,224.8,9,0,100,11.527035079(sec),13092(msec),timeout30
1,2,192.3,10,0,100,9.903009671(sec),11314(msec),timeout30
1,2,202.3,10,0,100,10.433932344999999(sec),11863(msec),timeout30
1,2,222.8,9,0,100,11.450648295999999(sec),12930(msec),timeout30
1,2,192,10,0,100,9.884349922(sec),12180(msec),timeout30
1,2,206.1,9,0,100,10.609120585000001(sec),12157(msec),timeout30
1,2,205.4,9,0,100,10.557037209(sec),12103(msec),timeout30
1,2,201.9,10,0,100,10.374824968999999(sec),11907(msec),timeout30
1,2,200.2,10,0,100,10.316726007(sec),11854(msec),timeout30
1,2,209.7,9,0,100,10.766532108(sec),12197(msec),timeout30
1,2,184.3,11,0,100,9.519700676000001(sec),11056(msec),timeout30
1,2,220.5,9,0,100,11.326436565(sec),12768(msec),timeout30
1,2,197.4,10,0,100,10.145513259(sec),11681(msec),timeout30
1,2,193.7,10,0,100,9.992008911000001(sec),11511(msec),timeout30
1,2,216.4,9,0,100,11.129063833(sec),12675(msec),timeout30
1,2,,,,100,(sec),11520(msec),timeout30
1,2,223.2,9,0,100,11.409928701(sec),12920(msec),timeout30
1,2,194.6,10,0,100,10.026628298(sec),11413(msec),timeout30
1,2,208.8,9,0,100,10.724891622(sec),12147(msec),timeout30
1,2,208.3,9,0,100,10.711335399(sec),12170(msec),timeout30
1,2,220,9,0,100,11.287501943999999(sec),12824(msec),timeout30
1,2,200.8,10,0,100,10.355767377(sec),11883(msec),timeout30
1,2,239,8,0,100,12.224702908(sec),13746(msec),timeout30
1,2,187.7,10,0,100,9.668674533999999(sec),11211(msec),timeout30
1,3,364.1,8,0,100,12.532950569(sec),14110(msec),timeout30
1,3,297.5,10,0,100,10.269132636(sec),11854(msec),timeout30
1,3,302.5,9,0,100,10.627446812(sec),12562(msec),timeout30
1,3,327.8,9,0,100,11.297799996(sec),12825(msec),timeout30
1,3,312.4,9,0,100,10.798993416(sec),12682(msec),timeout30
1,3,280.2,10,0,100,9.750055746(sec),11363(msec),timeout30
1,3,344.1,8,0,100,11.878472585999999(sec),13510(msec),timeout30
1,3,321.9,9,0,100,11.339697873999999(sec),13068(msec),timeout30
1,3,267.6,11,0,100,9.299721397999999(sec),10819(msec),timeout30
1,3,464.4,6,0,100,16.113214043(sec),17738(msec),timeout30
1,3,1217.8,2,0,100,41.01664098(sec),43024(msec),timeout30
1,3,359.6,8,0,100,12.336404769000001(sec),14091(msec),timeout30
1,3,328.7,9,0,100,11.367423365999999(sec),12954(msec),timeout30
1,3,474.6,6,0,100,16.221189687(sec),17809(msec),timeout30
1,3,317.4,9,0,100,10.933970114(sec),12682(msec),timeout30
1,3,299.3,10,0,100,10.353351299(sec),11700(msec),timeout30
1,3,308.8,9,0,100,10.724649295999999(sec),12308(msec),timeout30
1,3,291.4,10,0,100,10.099390713(sec),12090(msec),timeout30
1,3,332.5,9,0,100,11.470288391(sec),12933(msec),timeout30
1,3,368.5,8,0,100,12.678698248(sec),14313(msec),timeout30
1,3,291.4,10,0,100,10.101753593(sec),11732(msec),timeout30
1,3,333.7,9,0,100,11.505107728999999(sec),13114(msec),timeout30
1,3,291.7,10,0,100,10.146839282(sec),11687(msec),timeout30
1,3,357.1,8,0,100,12.202455358(sec),13633(msec),timeout30
1,3,284.8,10,0,100,9.872725909000001(sec),11497(msec),timeout30
1,3,423.9,7,0,100,14.589336918(sec),16266(msec),timeout30
1,3,329,9,0,100,11.339393588(sec),12945(msec),timeout30
1,3,355.7,8,0,100,12.280047069(sec),13920(msec),timeout30
1,3,296.8,10,0,100,10.315905037(sec),12021(msec),timeout30
1,3,319.1,9,0,100,11.105103076999999(sec),12865(msec),timeout30
1,4,422,9,0,100,10.977839036999999(sec),12678(msec),timeout30
1,4,445.3,9,0,100,11.682055115999999(sec),13494(msec),timeout30
1,4,478.6,8,0,100,12.489835169(sec),14219(msec),timeout30
1,4,500.5,8,0,100,13.129793844(sec),16501(msec),timeout30
1,4,428.8,9,0,100,11.204665579(sec),13229(msec),timeout30
1,4,482.7,8,0,100,12.550049601000001(sec),14225(msec),timeout30
1,4,396.4,10,0,100,10.416847512(sec),12095(msec),timeout30
1,4,470.3,8,0,100,12.272730466999999(sec),14566(msec),timeout30
1,4,480.8,8,0,100,13.122898266(sec),15876(msec),timeout30
1,4,595.6,6,0,100,15.4714475(sec),17635(msec),timeout30
1,4,9380.3,0,12,100,243.057497761(sec),247092(msec),timeout30
1,4,595,6,0,100,15.520848969000001(sec),23405(msec),timeout30
1,4,735.2,5,0,100,19.378753342(sec),22210(msec),timeout30
1,4,17968.5,0,36,100,453.041205289(sec),456787(msec),timeout30
1,4,1867.9,2,0,100,47.343663805(sec),80498(msec),timeout30
1,4,1371.6,3,0,100,34.770182455000004(sec),60830(msec),timeout30
1,4,1560.7,3,0,100,39.465667455(sec),41212(msec),timeout30
1,4,584.7,7,0,100,15.097107146(sec),16578(msec),timeout30
1,4,791,5,0,100,20.171686212(sec),21897(msec),timeout30
1,4,25178.1,0,60,100,631.035138916(sec),670890(msec),timeout30
1,4,20961.2,0,55,100,525.542826658(sec),537479(msec),timeout30
1,4,12571.2,0,33,100,337.941128875(sec),341100(msec),timeout30
1,4,28308.2,0,71,100,712.975845861(sec),716178(msec),timeout30
1,4,1166.4,3,0,100,29.872348059(sec),34027(msec),timeout30
1,4,33904.2,0,89,100,860.976101743(sec),899592(msec),timeout30
1,4,11317.5,0,31,100,289.386512071(sec),308886(msec),timeout30
1,4,6600.5,1,12,100,168.103831993(sec),236384(msec),timeout30
1,4,36084.6,0,100,100,905.702044121(sec),953708(msec),timeout30
1,4,24565.6,0,60,100,631.151676675(sec),633769(msec),timeout30
1,4,2203.7,2,0,100,55.807261079999996(sec),62344(msec),timeout30
1,5,38636.5,0,100,100,778.760168099(sec),814015(msec),timeout30
1,5,26229.3,0,77,100,525.754692504(sec),534601(msec),timeout30
1,5,2316.9,2,0,100,47.537551284(sec),50870(msec),timeout30
1,5,34830.3,0,100,100,697.341440079(sec),744335(msec),timeout30
1,5,22821.2,0,60,100,463.651592983(sec),487279(msec),timeout30
1,5,8265.7,1,19,100,172.654979661(sec),224889(msec),timeout30
1,5,34747.9,0,100,100,706.395375474(sec),767188(msec),timeout30
1,5,14292.4,0,40,100,286.70323460000003(sec),317318(msec),timeout30
1,5,3817.9,1,5,100,77.433133976(sec),115826(msec),timeout30
1,5,36103,0,100,100,740.444807277(sec),786081(msec),timeout30
1,5,34258.7,0,85,100,689.111027415(sec),708066(msec),timeout30
1,5,1967.2,2,0,100,40.134964472(sec),60722(msec),timeout30
1,5,34630.1,0,87,100,713.231054725(sec),757658(msec),timeout30
1,5,25147.6,0,65,100,504.868313487(sec),519170(msec),timeout30
1,5,1287.8,4,0,100,26.635118739000003(sec),51764(msec),timeout30
1,5,41017.8,0,100,100,831.040870535(sec),864606(msec),timeout30
1,5,16442,0,40,100,330.67240807(sec),334861(msec),timeout30
1,5,8982.6,1,18,100,198.482879798(sec),241629(msec),timeout30
1,5,36036.5,0,100,100,723.8287350090001(sec),786955(msec),timeout30
1,5,12047,0,30,100,248.989643416(sec),286007(msec),timeout30
1,5,15150.7,0,32,100,326.34829682599997(sec),348240(msec),timeout30
1,5,34875.1,0,100,100,712.516544673(sec),750277(msec),timeout30
1,5,26854.8,0,70,100,538.094507318(sec),550963(msec),timeout30
1,5,1745.4,3,0,100,35.969743718(sec),48122(msec),timeout30
1,5,39632.9,0,100,100,803.560696164(sec),844534(msec),timeout30
1,5,25026.7,0,65,100,503.214486936(sec),529128(msec),timeout30
1,5,1674,3,0,100,34.407434947(sec),37281(msec),timeout30
1,5,38035.2,0,100,100,762.754001262(sec),804397(msec),timeout30
1,5,17334.3,0,45,100,348.257821879(sec),366990(msec),timeout30
1,5,21888.2,0,54,100,454.755254112(sec),496056(msec),timeout30
1,6,35397.9,0,100,100,603.972383896(sec),649235(msec),timeout30
1,6,1428.3,4,0,100,24.551754926(sec),27372(msec),timeout30
1,6,30254.9,0,74,100,531.084053731(sec),565183(msec),timeout30
1,6,36579,0,100,100,637.829263496(sec),686462(msec),timeout30
1,6,14929.6,0,30,100,249.884188688(sec),259879(msec),timeout30
1,6,10641.9,1,22,100,189.176691574(sec),235123(msec),timeout30
1,6,39754.3,0,100,100,685.0502944360001(sec),732606(msec),timeout30
1,6,19397.6,0,54,100,324.45820862500005(sec),333990(msec),timeout30
1,6,9070.4,1,16,100,166.092867227(sec),199524(msec),timeout30
1,6,35857.4,0,100,100,621.9093000610001(sec),698116(msec),timeout30
1,6,16996.8,0,48,100,296.286736109(sec),316456(msec),timeout30
1,6,4527.1,1,9,100,94.455516955(sec),129761(msec),timeout30
1,6,36826,0,100,100,629.113657698(sec),662362(msec),timeout30
1,6,21287.5,0,54,100,355.92705245999997(sec),367569(msec),timeout30
1,6,7000.9,1,16,100,127.31639180100001(sec),161783(msec),timeout30
1,6,36113.6,0,100,100,615.800613809(sec),675293(msec),timeout30
1,6,36957,0,100,100,624.3766341190001(sec),678548(msec),timeout30
1,6,15523.9,0,42,100,259.380880798(sec),293901(msec),timeout30
1,6,15617.4,0,39,100,283.742023444(sec),317219(msec),timeout30
1,6,36795.1,0,100,100,625.9601750740001(sec),694341(msec),timeout30
1,6,12409.5,0,30,100,207.603563069(sec),230722(msec),timeout30
1,6,18001.9,0,52,100,310.988299312(sec),351367(msec),timeout30
1,6,37629.5,0,100,100,649.9462032419999(sec),711020(msec),timeout30
1,6,9052,1,18,100,151.747576253(sec),156322(msec),timeout30
1,6,22271.1,0,58,100,390.23292248399997(sec),449876(msec),timeout30
1,6,33537.5,0,100,100,571.392899022(sec),618413(msec),timeout30
1,6,4957.3,1,12,100,83.339952719(sec),88099(msec),timeout30
1,6,26430.8,0,73,100,474.85603744599996(sec),477604(msec),timeout30
1,6,36091,0,100,100,621.942701841(sec),659463(msec),timeout30
1,6,30363.1,0,90,100,509.531378077(sec),535540(msec),timeout30
1,7,5394.9,1,2,100,110.55985976599999(sec),150515(msec),timeout30
1,7,36702.2,0,100,100,551.45615223(sec),643891(msec),timeout30
1,7,33387.9,0,100,100,499.884628657(sec),547887(msec),timeout30
1,7,2909.1,2,0,100,44.945051886(sec),59531(msec),timeout30
1,7,30567.2,0,77,100,437.678331081(sec),476131(msec),timeout30
1,7,38379.9,0,100,100,574.778304026(sec),629939(msec),timeout30
1,7,3942.8,2,7,100,57.818202211000006(sec),81467(msec),timeout30
1,7,30992,0,85,100,474.748216695(sec),478043(msec),timeout30
1,7,37222.7,0,100,100,585.970771559(sec),633861(msec),timeout30
1,7,2663.9,3,0,100,39.420909654000006(sec),47258(msec),timeout30
1,7,31468.7,0,87,100,477.87561865199996(sec),515405(msec),timeout30
1,7,36469.2,0,100,100,552.774989088(sec),602205(msec),timeout30
1,7,26211.6,0,77,100,376.182997021(sec),393814(msec),timeout30
1,7,13320.8,0,30,100,217.193531212(sec),272881(msec),timeout30
1,7,36195.1,0,100,100,546.7691044329999(sec),639799(msec),timeout30
1,7,24597.9,0,70,100,353.058185406(sec),375253(msec),timeout30
1,7,17968.4,0,49,100,257.399406017(sec),290241(msec),timeout30
1,7,37106.6,0,100,100,555.0008453600001(sec),624117(msec),timeout30
1,7,17065.9,0,49,100,244.831025131(sec),272207(msec),timeout30
1,7,25019.9,0,67,100,372.41071813400004(sec),425048(msec),timeout30
1,7,35940,0,100,100,538.185441577(sec),582110(msec),timeout30
1,7,6688,1,14,100,96.34039034(sec),102204(msec),timeout30
1,7,28888.5,0,83,100,418.278258845(sec),451956(msec),timeout30
1,7,34778.5,0,100,100,528.8958227180001(sec),582084(msec),timeout30
1,7,32953,0,100,100,496.183189768(sec),538144(msec),timeout30
1,7,4079.1,2,0,100,60.141746099(sec),79149(msec),timeout30
1,7,36493.2,0,91,100,524.301028254(sec),611584(msec),timeout30
1,7,38397.5,0,91,100,550.700727856(sec),580494(msec),timeout30
1,7,8785.1,1,17,100,147.170245938(sec),194409(msec),timeout30
1,7,34390.2,0,100,100,522.227901534(sec),575056(msec),timeout30
1,8,29323.3,0,80,100,371.536464232(sec),398963(msec),timeout30
1,8,13855.4,1,35,100,194.798384925(sec),236553(msec),timeout30
1,8,33845.9,0,100,100,449.102140767(sec),502320(msec),timeout30
1,8,35120.9,0,100,100,455.33457719899997(sec),483031(msec),timeout30
1,8,12770.1,1,26,100,184.870055522(sec),241667(msec),timeout30
1,8,32931.4,0,100,100,433.36468313899996(sec),477592(msec),timeout30
1,8,33574.6,0,100,100,437.72895005500004(sec),488253(msec),timeout30
1,8,34064.6,0,100,100,443.544537112(sec),476935(msec),timeout30
1,8,18070.1,0,34,100,261.170133977(sec),299579(msec),timeout30
1,8,40246.7,0,100,100,520.9055180309999(sec),580239(msec),timeout30
1,8,33357.5,0,100,100,433.51766413(sec),452738(msec),timeout30
1,8,11632.8,1,26,100,169.005164935(sec),206761(msec),timeout30
1,8,33516,0,100,100,440.027122476(sec),499179(msec),timeout30
1,8,32149.2,0,100,100,418.345783698(sec),451603(msec),timeout30
1,8,7373.2,1,10,100,135.353808451(sec),170301(msec),timeout30
1,8,32768.4,0,100,100,425.689878334(sec),487968(msec),timeout30
1,8,35041.5,0,100,100,454.013850874(sec),498308(msec),timeout30
1,8,13556.1,1,31,100,174.37185714(sec),207448(msec),timeout30
1,8,33853.7,0,100,100,451.941900718(sec),519038(msec),timeout30
1,8,33439.9,0,100,100,432.230141412(sec),484819(msec),timeout30
1,8,25762.9,0,72,100,329.24664120399996(sec),351883(msec),timeout30
1,8,24802.9,0,65,100,327.81785716900004(sec),365763(msec),timeout30
1,8,36241.9,0,100,100,470.355860672(sec),517433(msec),timeout30
1,8,21795.6,0,49,100,273.820551097(sec),307012(msec),timeout30
1,8,26757.4,0,69,100,354.790908986(sec),397758(msec),timeout30
1,8,40740.1,0,100,100,538.559141804(sec),577322(msec),timeout30
1,8,18031,0,48,100,226.811928273(sec),253876(msec),timeout30



Tue  5 Mar 09:44:30 UTC 2019
ow concurrency,loadtestconcurrency,latency,rps,errors,requests,totaltime(sec),realtotaltime(msec),payloadfile



Tue  5 Mar 09:45:48 UTC 2019
ow concurrency,loadtestconcurrency,latency,rps,errors,requests,totaltime(sec),realtotaltime(msec),payloadfile
2,1,207.8,5,0,100,20.892107848(sec),21999(msec),timeout30
2,2,279,7,0,100,14.278291482(sec),15172(msec),timeout30
2,3,271.1,11,0,100,9.349120357(sec),10677(msec),timeout30
2,4,325.5,12,0,100,8.553310528(sec),10091(msec),timeout30
2,5,488.4,9,0,100,10.747854971999999(sec),12616(msec),timeout30
2,6,509.3,11,0,100,9.171787859(sec),11275(msec),timeout30
2,7,553.2,12,0,100,8.498072923(sec),10324(msec),timeout30
2,8,701.7,11,0,100,9.445583896(sec),11708(msec),timeout30
2,9,720.1,12,0,100,8.489461813(sec),10400(msec),timeout30
2,10,1111.8,8,0,100,12.110739178(sec),14254(msec),timeout30
3,1,219.2,5,0,100,22.038808400999997(sec),23089(msec),timeout30
3,2,263.9,7,0,100,13.419281341(sec),14263(msec),timeout30
3,3,343.3,8,0,100,11.833367470999999(sec),13910(msec),timeout30
3,4,333.5,11,0,100,8.73661952(sec),9647(msec),timeout30
3,5,376.1,13,0,100,7.914604691(sec),9580(msec),timeout30
3,6,555,10,0,100,9.637914384(sec),11234(msec),timeout30
3,7,497.4,13,0,100,7.632096552(sec),9379(msec),timeout30
3,8,690.8,11,0,100,9.178880623000001(sec),10851(msec),timeout30
3,9,708.2,11,0,100,8.805177739000001(sec),10688(msec),timeout30
3,10,654.9,14,0,100,7.1780848839999996(sec),9049(msec),timeout30
4,1,356.7,3,0,100,35.754760327999996(sec),37532(msec),timeout30
4,2,454.4,4,0,100,23.018055668000002(sec),24763(msec),timeout30
4,3,349.4,8,0,100,12.124586058(sec),13397(msec),timeout30
4,4,439.7,9,0,100,11.393393579(sec),13183(msec),timeout30
4,5,459.9,10,0,100,9.7982195(sec),10706(msec),timeout30
4,6,520.3,11,0,100,9.217537237(sec),10824(msec),timeout30
4,7,504.3,13,0,100,7.751681446(sec),9480(msec),timeout30
4,8,572.9,13,0,100,7.64539434(sec),9234(msec),timeout30
4,9,639.7,13,0,100,7.747315931999999(sec),9511(msec),timeout30
4,10,676.8,14,0,100,7.3830714010000005(sec),9288(msec),timeout30
5,1,254.1,4,0,100,25.523006942(sec),26838(msec),timeout30
5,2,224.6,9,0,100,11.447995433(sec),12308(msec),timeout30
5,3,286.1,10,0,100,9.770812326(sec),10659(msec),timeout30
5,4,367.9,10,0,100,9.586800886(sec),10524(msec),timeout30
5,5,568,8,0,100,11.884936193(sec),13434(msec),timeout30
5,6,480.2,12,0,100,8.429264842(sec),10111(msec),timeout30
5,7,532.5,12,0,100,8.096651012999999(sec),9065(msec),timeout30
5,8,619.8,12,0,100,8.401905038999999(sec),9850(msec),timeout30
5,9,617.6,13,0,100,7.474589353000001(sec),9475(msec),timeout30
5,10,672.9,14,0,100,7.197287634(sec),8827(msec),timeout30
6,1,177.4,6,0,100,17.863592668000003(sec),19004(msec),timeout30
6,2,216,9,0,100,10.939540101(sec),11984(msec),timeout30
6,3,287.4,10,0,100,9.961035701999998(sec),11289(msec),timeout30
6,4,355.9,11,0,100,9.353385075(sec),10270(msec),timeout30
6,5,459.9,10,0,100,9.577284561(sec),10698(msec),timeout30
6,6,572.6,10,0,100,9.995638573(sec),11859(msec),timeout30
6,7,563.3,11,0,100,8.737344589000001(sec),10187(msec),timeout30
6,8,589.4,13,0,100,7.968413066999999(sec),9982(msec),timeout30
6,9,768.3,11,0,100,9.311561832999999(sec),10845(msec),timeout30
6,10,647.3,14,0,100,7.064826061(sec),8686(msec),timeout30



Tue  5 Mar 10:23:17 UTC 2019
ow concurrency,loadtestconcurrency,latency,rps,errors,requests,totaltime(sec),realtotaltime(msec),payloadfile
2,1,196.9,5,0,100,19.775976930000002(sec),20811(msec),timeout30
2,2,225.6,9,0,100,11.626146076000001(sec),13017(msec),timeout30
2,3,307.2,9,0,100,10.543293492(sec),11527(msec),timeout30
2,4,289.5,13,0,100,7.498171763999999(sec),8485(msec),timeout30
2,5,356,14,0,100,7.373828748(sec),8580(msec),timeout30
2,6,442.7,13,0,100,7.962183961(sec),9635(msec),timeout30
2,7,600.2,11,0,100,9.124086302(sec),10187(msec),timeout30
2,8,694.2,11,0,100,9.429811218000001(sec),11351(msec),timeout30
2,9,747.5,11,0,100,8.982877396(sec),10968(msec),timeout30
2,10,840.2,11,0,100,9.064127567(sec),11093(msec),timeout30
2,11,777.8,13,0,100,7.7651661160000005(sec),10524(msec),timeout30
2,12,911.2,12,0,100,8.573879041(sec),10790(msec),timeout30
2,13,1116.7,11,0,100,9.397158197000001(sec),11298(msec),timeout30
2,14,1287.8,10,0,100,9.871020823(sec),12968(msec),timeout30
2,15,1170.5,12,0,100,8.626812613(sec),10944(msec),timeout30
2,16,1434.3,10,0,100,9.732713503(sec),11684(msec),timeout30
2,17,1503.2,10,0,100,9.744205288(sec),12038(msec),timeout30
2,18,1247.3,13,0,100,7.8483582489999995(sec),10093(msec),timeout30
2,19,1465.2,11,0,100,8.718564274(sec),11068(msec),timeout30
2,20,1478.6,12,0,100,8.290619697(sec),10820(msec),timeout30
3,1,198.1,5,0,100,19.938697024(sec),21189(msec),timeout30
3,2,259.5,8,0,100,13.174393196(sec),14054(msec),timeout30
3,3,339,9,0,100,11.655594945999999(sec),12717(msec),timeout30
3,4,334.7,12,0,100,8.668763275(sec),10060(msec),timeout30
3,5,414.1,11,0,100,8.743604989(sec),10132(msec),timeout30
3,6,406.7,14,0,100,7.092206083(sec),8194(msec),timeout30
3,7,459.1,14,0,100,6.935146231(sec),8539(msec),timeout30
3,8,490,15,0,100,6.553054596(sec),7994(msec),timeout30
3,9,639.6,12,0,100,8.188522051(sec),10124(msec),timeout30
3,10,665.2,14,0,100,7.349706756(sec),9396(msec),timeout30
3,11,791.6,13,0,100,7.890682434(sec),9716(msec),timeout30
3,12,739.9,15,0,100,6.826071309(sec),8519(msec),timeout30
3,13,967.8,12,0,100,8.546643920000001(sec),10214(msec),timeout30
3,14,974.1,13,0,100,7.739410726(sec),9874(msec),timeout30
3,15,1000.5,13,0,100,7.636223073999999(sec),9738(msec),timeout30
3,16,1475.1,10,0,100,10.015881066(sec),12265(msec),timeout30
3,17,1082.1,14,0,100,7.239204473(sec),9454(msec),timeout30
3,18,1459.9,11,0,100,9.147263761(sec),12398(msec),timeout30
3,19,4479,4,0,100,26.270041829(sec),32715(msec),timeout30
3,20,5860.4,3,0,100,30.310297221(sec),33943(msec),timeout30
4,1,199.7,5,0,100,20.058131853(sec),20893(msec),timeout30
4,2,275.6,7,0,100,13.968093324(sec),14867(msec),timeout30
4,3,344.6,9,0,100,11.744053723999999(sec),13194(msec),timeout30
4,4,390.9,10,0,100,10.337509706999999(sec),11342(msec),timeout30
4,5,425.3,11,0,100,8.820897121(sec),10104(msec),timeout30
4,6,489.7,12,0,100,8.632222261(sec),10216(msec),timeout30
4,7,495.5,13,0,100,7.52100989(sec),9363(msec),timeout30
4,8,611.7,12,0,100,8.222938427999999(sec),9590(msec),timeout30
4,9,593.9,14,0,100,7.342590082(sec),9163(msec),timeout30
4,10,666,14,0,100,7.217939756(sec),8986(msec),timeout30
4,11,839.4,11,0,100,8.758915169(sec),11180(msec),timeout30
4,12,1404,8,0,100,12.694128826(sec),16402(msec),timeout30
4,13,1113.6,10,0,100,9.766418988(sec),12801(msec),timeout30
4,14,1769.7,7,0,100,13.599776123(sec),16921(msec),timeout30
4,15,1001.4,13,0,100,7.60228867(sec),9965(msec),timeout30
4,16,1187.4,12,0,100,8.472821414(sec),10845(msec),timeout30
4,17,1184.3,13,0,100,7.840399122(sec),10075(msec),timeout30
4,18,1174.1,13,0,100,7.507671295(sec),10244(msec),timeout30
4,19,1338.7,13,0,100,7.821667469(sec),10206(msec),timeout30
4,20,1680.3,11,0,100,9.510941922(sec),11704(msec),timeout30
5,1,212.6,5,0,100,21.453724963(sec),22987(msec),timeout30
5,2,272.3,7,0,100,13.98646551(sec),15584(msec),timeout30
5,3,376.9,8,0,100,13.000053142(sec),14690(msec),timeout30
5,4,393.8,10,0,100,10.394121198(sec),12190(msec),timeout30
5,5,482.8,10,0,100,10.197505423(sec),11839(msec),timeout30
5,6,540.9,10,0,100,9.585290105(sec),11033(msec),timeout30
5,7,500.9,13,0,100,7.589659151(sec),9263(msec),timeout30
5,8,586.5,12,0,100,8.063204657(sec),9643(msec),timeout30
5,9,617.8,13,0,100,7.55372267(sec),9289(msec),timeout30
5,10,1103,7,0,100,14.473266604(sec),23823(msec),timeout30
5,11,857.3,12,0,100,8.582641249(sec),10673(msec),timeout30
5,12,858.7,13,0,100,7.929838779(sec),10014(msec),timeout30
5,13,861.9,13,0,100,7.421834531(sec),9464(msec),timeout30
5,14,1181.5,11,0,100,9.059875248(sec),11007(msec),timeout30
5,15,986.6,14,0,100,7.177892944(sec),9059(msec),timeout30
5,16,1038.1,14,0,100,7.019233053(sec),8431(msec),timeout30
5,17,1181.9,13,0,100,7.934904059000001(sec),10339(msec),timeout30
5,18,1670.7,10,0,100,10.323950217(sec),13309(msec),timeout30
5,19,1867.2,9,0,100,11.104249077(sec),15056(msec),timeout30
5,20,1959.3,9,0,100,10.872193595(sec),13328(msec),timeout30
6,1,167.7,6,0,100,16.887855758999997(sec),18160(msec),timeout30
6,2,204.9,10,0,100,10.438171039999999(sec),11363(msec),timeout30
6,3,313.9,9,0,100,10.70754441(sec),11683(msec),timeout30
6,4,399,10,0,100,10.220907587(sec),11509(msec),timeout30
6,5,488.1,9,0,100,11.18967779(sec),12743(msec),timeout30
6,6,578.1,10,0,100,10.356850683000001(sec),11777(msec),timeout30
6,7,572.5,11,0,100,8.895019876000001(sec),9991(msec),timeout30
6,8,614,12,0,100,8.429655036(sec),10205(msec),timeout30
6,9,680.7,13,0,100,7.927568188(sec),10077(msec),timeout30
6,10,732.7,13,0,100,7.928755678(sec),9685(msec),timeout30
6,11,731.8,14,0,100,7.288377418(sec),9239(msec),timeout30
6,12,755.2,15,0,100,6.723010789(sec),8595(msec),timeout30
6,13,817.1,15,0,100,6.791073999(sec),8703(msec),timeout30
6,14,1038.1,12,0,100,8.501473653000001(sec),10342(msec),timeout30
6,15,994.1,14,0,100,7.2746992520000004(sec),9069(msec),timeout30
6,16,1171.6,13,0,100,7.968308843(sec),10325(msec),timeout30
6,17,1162.1,13,0,100,7.766576338(sec),10120(msec),timeout30
6,18,1141.8,14,0,100,7.050487738(sec),9030(msec),timeout30
6,19,1589.6,11,0,100,9.346659163(sec),11818(msec),timeout30
6,20,1992.4,9,0,100,11.039943272(sec),14358(msec),timeout30



Tue  5 Mar 11:39:54 UTC 2019
ow concurrency,loadtestconcurrency,latency,rps,errors,requests,totaltime(sec),realtotaltime(msec),payloadfile
6,1,158.3,6,0,100,15.959196237(sec),16887(msec),timeout30
6,2,245.2,8,0,100,12.54533825(sec),13840(msec),timeout30
6,3,290,10,0,100,9.935967001000002(sec),10879(msec),timeout30
6,4,387.7,10,0,100,10.021482458000001(sec),10863(msec),timeout30
6,5,593.2,8,0,100,12.664498111(sec),14030(msec),timeout30
6,6,698.8,8,0,100,12.697147508(sec),15252(msec),timeout30
6,7,647.9,10,0,100,9.688676258(sec),12756(msec),timeout30
6,8,649.8,11,0,100,8.816725239(sec),10552(msec),timeout30
6,9,641.8,13,0,100,7.684382012(sec),9447(msec),timeout30
6,10,748.4,12,0,100,8.510679698(sec),10628(msec),timeout30
6,11,734.4,13,0,100,7.52875004(sec),9422(msec),timeout30
6,12,745.4,15,0,100,6.712584553(sec),8101(msec),timeout30
6,13,969.1,12,0,100,8.334895452000001(sec),10112(msec),timeout30
6,14,924.5,14,0,100,7.2653075209999995(sec),9019(msec),timeout30
6,15,900.2,15,0,100,6.662068746(sec),8703(msec),timeout30
6,16,1020.4,14,0,100,7.126092897(sec),8414(msec),timeout30
6,17,1081.7,14,0,100,7.138928201(sec),9691(msec),timeout30
6,18,1262.2,13,0,100,7.9707931069999995(sec),9923(msec),timeout30
6,19,1155.4,14,0,100,6.905442254(sec),9474(msec),timeout30
6,20,1222.9,14,0,100,6.940446308(sec),8552(msec),timeout30
6,21,1365.5,14,0,100,7.32759726(sec),9692(msec),timeout30
6,22,1417.5,13,0,100,7.426854802(sec),9560(msec),timeout30
6,23,1560.4,13,0,100,7.587426558(sec),9900(msec),timeout30
6,24,1663.3,13,0,100,7.939785822(sec),10508(msec),timeout30
6,25,1668.6,13,0,100,7.80415744(sec),10475(msec),timeout30
6,26,1653.4,13,0,100,7.442461571(sec),9625(msec),timeout30
6,27,1841,13,0,100,7.94408988(sec),10959(msec),timeout30
6,28,1952.6,12,0,100,8.025937775000001(sec),10053(msec),timeout30
6,29,1887.6,13,0,100,7.658083716999999(sec),10341(msec),timeout30
6,30,2033.5,12,0,100,8.135936444(sec),10767(msec),timeout30
7,1,168.2,6,0,100,16.931379174(sec),18311(msec),timeout30
7,2,233,8,0,100,11.914928674999999(sec),13226(msec),timeout30
7,3,281.3,10,0,100,9.774169388(sec),10971(msec),timeout30
7,4,387.2,10,0,100,10.058047716999999(sec),11543(msec),timeout30
7,5,497.4,10,0,100,10.472547515(sec),11521(msec),timeout30
7,6,543.7,10,0,100,9.588730558(sec),10946(msec),timeout30
7,7,622.9,11,0,100,9.471831490000001(sec),10794(msec),timeout30
7,8,692.7,11,0,100,9.303414875(sec),11235(msec),timeout30
7,9,710,12,0,100,8.49647039(sec),10872(msec),timeout30
7,10,748.6,12,0,100,8.011368365000001(sec),9828(msec),timeout30
7,11,773,13,0,100,7.416510169(sec),9022(msec),timeout30
7,12,750.9,14,0,100,6.896561267(sec),8353(msec),timeout30
7,13,836.1,14,0,100,6.925610585(sec),9007(msec),timeout30
7,14,915,14,0,100,7.366871511(sec),9401(msec),timeout30
7,15,1017.7,13,0,100,7.924351292(sec),9525(msec),timeout30
7,16,1009.4,14,0,100,7.321883365(sec),9500(msec),timeout30
7,17,1132.5,14,0,100,7.386202508999999(sec),9187(msec),timeout30
7,18,1090.3,15,0,100,6.70249061(sec),9027(msec),timeout30
7,19,1214.1,14,0,100,7.356704064(sec),9777(msec),timeout30
7,20,1247.7,14,0,100,7.037479047(sec),9504(msec),timeout30
7,21,1600.3,12,0,100,8.359057406(sec),10628(msec),timeout30
7,22,1476.7,13,0,100,7.7878809030000005(sec),10065(msec),timeout30
7,23,1420.6,15,0,100,6.883572082(sec),8817(msec),timeout30
7,24,1528.4,14,0,100,7.238120987(sec),9870(msec),timeout30
7,25,1654.6,13,0,100,7.5490560669999995(sec),10253(msec),timeout30
7,26,2112.2,11,0,100,9.071731567(sec),11814(msec),timeout30
7,27,1869.2,12,0,100,8.044859353(sec),10502(msec),timeout30
7,28,2002,12,0,100,8.414562684(sec),11523(msec),timeout30
7,29,2026.7,12,0,100,8.098665709(sec),10441(msec),timeout30
7,30,2043.9,13,0,100,7.9359189269999995(sec),11001(msec),timeout30
8,1,145.4,7,0,100,14.672351153(sec),15854(msec),timeout30
8,2,233.3,8,0,100,11.819676347(sec),12776(msec),timeout30
8,3,313.4,9,0,100,10.902176416(sec),12212(msec),timeout30
8,4,393.6,10,0,100,10.326722603(sec),11801(msec),timeout30
8,5,452.9,10,0,100,9.540813452(sec),11074(msec),timeout30
8,6,584.2,10,0,100,10.261971608(sec),11835(msec),timeout30
8,7,617.5,10,0,100,9.588294333(sec),11008(msec),timeout30
8,8,719.7,10,0,100,9.85248542(sec),11037(msec),timeout30
8,9,749.1,11,0,100,8.906345388(sec),10864(msec),timeout30
8,10,710.5,12,0,100,8.038592503(sec),9564(msec),timeout30
8,11,808.1,13,0,100,7.946565952(sec),10123(msec),timeout30
8,12,872.2,13,0,100,7.926333346000001(sec),9988(msec),timeout30
8,13,886.3,13,0,100,7.551361026(sec),9534(msec),timeout30
8,14,1008.3,12,0,100,8.121174281(sec),10390(msec),timeout30
8,15,1138.4,12,0,100,8.348963457(sec),10336(msec),timeout30
8,16,1043.6,13,0,100,7.5934513919999995(sec),9624(msec),timeout30
8,17,1143.8,13,0,100,7.759359644(sec),9884(msec),timeout30
8,18,1273.4,12,0,100,8.13375379(sec),9977(msec),timeout30
8,19,1098.6,16,0,100,6.363326611000001(sec),8695(msec),timeout30
8,20,1391.4,13,0,100,7.9684063290000005(sec),9767(msec),timeout30
8,21,1501.1,12,0,100,8.03582065(sec),9996(msec),timeout30
8,22,1659.2,12,0,100,8.285427717000001(sec),10151(msec),timeout30
8,23,1595.7,12,0,100,8.175378602(sec),10448(msec),timeout30
8,24,1741.2,12,0,100,8.526437003(sec),10912(msec),timeout30
8,25,1578.1,14,0,100,7.170728362(sec),9518(msec),timeout30
8,26,1755.3,12,0,100,8.193519443(sec),10214(msec),timeout30
8,27,1633.9,14,0,100,6.984683743(sec),9363(msec),timeout30
8,28,1860.3,13,0,100,7.6736602110000005(sec),10562(msec),timeout30
8,29,2007.5,13,0,100,7.9590118080000005(sec),10264(msec),timeout30
8,30,8417.6,3,100,100,28.615968339(sec),50783(msec),timeout30
9,1,159.8,6,0,100,16.095552283(sec),16902(msec),timeout30
9,2,216.6,9,0,100,11.129372212(sec),12128(msec),timeout30
9,3,286.9,10,0,100,9.985461467999999(sec),11356(msec),timeout30
9,4,405,10,0,100,10.498243103999998(sec),11828(msec),timeout30
9,5,479.3,10,0,100,10.113813693(sec),11229(msec),timeout30
9,6,520.2,11,0,100,8.977531919(sec),10696(msec),timeout30
9,7,589.9,11,0,100,9.079586381999999(sec),10771(msec),timeout30
9,8,672.2,11,0,100,9.08021882(sec),11068(msec),timeout30
9,9,846.5,10,0,100,10.126995488(sec),11766(msec),timeout30
9,10,815.4,11,0,100,8.918495683(sec),10089(msec),timeout30
9,11,855.3,12,0,100,8.619126202(sec),10510(msec),timeout30
9,12,1021.1,11,0,100,9.416771591(sec),10845(msec),timeout30
9,13,909.4,13,0,100,7.957672259(sec),9766(msec),timeout30
9,14,958.9,13,0,100,7.6913764570000005(sec),9915(msec),timeout30
9,15,1014.5,13,0,100,7.599109767(sec),9821(msec),timeout30
9,16,1092.8,13,0,100,7.807583907000001(sec),9695(msec),timeout30
9,17,1091.3,14,0,100,7.191330874(sec),9516(msec),timeout30
9,18,1364.8,12,0,100,8.340466931000002(sec),10219(msec),timeout30
9,19,1246.5,13,0,100,7.4789704519999995(sec),9805(msec),timeout30
9,20,1305.8,14,0,100,7.318172185000001(sec),9582(msec),timeout30
9,21,1542.2,12,0,100,8.498043471999999(sec),10775(msec),timeout30
9,22,1556.8,12,0,100,8.281235242000001(sec),10647(msec),timeout30
9,23,1887.9,10,0,100,9.550558966(sec),15219(msec),timeout30
9,24,1767.4,11,0,100,8.716820678(sec),11774(msec),timeout30
9,25,1614.8,14,0,100,7.251324662(sec),9582(msec),timeout30
9,26,1897.1,12,0,100,8.317890352000001(sec),11907(msec),timeout30
9,27,2110.8,11,0,100,8.705308986(sec),11645(msec),timeout30
9,28,1761,13,0,100,7.51822432(sec),10440(msec),timeout30
9,29,2022.5,12,0,100,8.421562946(sec),11207(msec),timeout30
9,30,1961.4,13,0,100,7.781076634(sec),10706(msec),timeout30
10,1,156.9,6,0,100,15.83120941(sec),16988(msec),timeout30
10,2,255.3,8,0,100,13.013175673(sec),14459(msec),timeout30
10,3,286.4,10,0,100,9.935068669(sec),11231(msec),timeout30
10,4,406.6,10,0,100,10.465910981(sec),11843(msec),timeout30
10,5,467.3,10,0,100,9.704543959999999(sec),11389(msec),timeout30
10,6,551.9,10,0,100,9.722222169(sec),11400(msec),timeout30
10,7,587,11,0,100,9.049439981999999(sec),10699(msec),timeout30
10,8,837.8,9,0,100,11.177867791(sec),13356(msec),timeout30
10,9,1009.4,8,0,100,12.431475181(sec),15074(msec),timeout30
10,10,1256.1,7,0,100,14.194620111(sec),17903(msec),timeout30
10,11,876.7,6,0,100,18.169069561(sec),33291(msec),timeout30
10,12,1408.5,7,0,100,13.684504663(sec),40360(msec),timeout30
10,13,1024.9,12,0,100,8.581137692(sec),11064(msec),timeout30
10,14,1060,12,0,100,8.374736923(sec),10986(msec),timeout30
10,15,1028.1,13,0,100,7.6823629659999995(sec),10010(msec),timeout30
10,16,1112,13,0,100,7.8720976689999995(sec),10174(msec),timeout30
10,17,1488.7,10,0,100,10.502958103000001(sec),40657(msec),timeout30
10,18,1721.2,10,0,100,10.399118156(sec),12697(msec),timeout30
10,19,1474,12,0,100,8.560391335(sec),11130(msec),timeout30
10,20,1268.8,13,0,100,7.507897922(sec),9559(msec),timeout30
10,21,1448.4,12,0,100,8.065122306000001(sec),12779(msec),timeout30
10,22,1504.9,13,0,100,7.876764489999999(sec),10242(msec),timeout30
10,23,1513.2,13,0,100,7.450744042(sec),10418(msec),timeout30
10,24,1553.8,14,0,100,7.258273763999999(sec),9757(msec),timeout30
10,25,1688.5,13,0,100,7.503549818000001(sec),8977(msec),timeout30
10,26,1827.6,12,0,100,8.064698629(sec),11007(msec),timeout30
10,27,1976.6,12,0,100,8.552786335999999(sec),11425(msec),timeout30
10,28,2034.8,12,0,100,8.611606115(sec),11298(msec),timeout30
10,29,1914.9,13,0,100,7.733330023000001(sec),10595(msec),timeout30
10,30,2101.9,12,0,100,8.200645671(sec),10743(msec),timeout30
11,1,164.8,6,0,100,16.611033528(sec),18393(msec),timeout30
11,2,293.7,7,0,100,14.98692073(sec),16376(msec),timeout30
11,3,355.6,8,0,100,12.237881514000001(sec),13924(msec),timeout30
11,4,426,9,0,100,11.190166472000001(sec),12649(msec),timeout30
11,5,511.5,9,0,100,10.635699551(sec),13427(msec),timeout30
11,6,624.6,9,0,100,10.902067652(sec),12957(msec),timeout30
11,7,672.7,10,0,100,10.255398777(sec),12378(msec),timeout30
11,8,703,11,0,100,9.343942525000001(sec),11413(msec),timeout30
11,9,839.2,10,0,100,10.046204796(sec),11690(msec),timeout30
11,10,863.7,11,0,100,9.330366629(sec),11480(msec),timeout30
11,11,922.1,11,0,100,9.254064847(sec),11081(msec),timeout30
11,12,929.9,12,0,100,8.603237711(sec),10657(msec),timeout30
11,13,1014.5,12,0,100,8.574204108(sec),10780(msec),timeout30
11,14,1038.3,12,0,100,8.527018548(sec),10555(msec),timeout30
11,15,1110.4,12,0,100,8.154259179(sec),10459(msec),timeout30
11,16,1148.3,12,0,100,8.264300813(sec),10487(msec),timeout30
11,17,1249.2,12,0,100,8.232339378(sec),10077(msec),timeout30
11,18,1406.5,12,0,100,8.605640114(sec),11358(msec),timeout30
11,19,1321.5,12,0,100,8.048167253999999(sec),10284(msec),timeout30
11,20,1349.9,13,0,100,7.889140191(sec),10270(msec),timeout30
11,21,1451.8,12,0,100,8.206998535999999(sec),10237(msec),timeout30
11,22,1639.7,11,0,100,9.127121361(sec),10984(msec),timeout30
11,23,1443.2,14,0,100,7.163856405000001(sec),10133(msec),timeout30
11,24,1484.8,13,0,100,7.587118537(sec),10122(msec),timeout30
11,25,1877.3,11,0,100,9.032744640999999(sec),11241(msec),timeout30
11,26,1816.2,13,0,100,7.98457998(sec),10410(msec),timeout30
11,27,1990.9,11,0,100,9.021257198999999(sec),11527(msec),timeout30
11,28,2292.1,10,0,100,9.673467329(sec),12364(msec),timeout30
11,29,3228.7,8,0,100,13.223262163(sec),42837(msec),timeout30
11,30,3137.8,8,0,100,13.032151498(sec),15924(msec),timeout30
12,1,156.3,6,0,100,15.748242034(sec),17125(msec),timeout30
12,2,255.5,8,0,100,13.01239431(sec),14313(msec),timeout30
12,3,210.3,14,0,100,7.239349392(sec),8290(msec),timeout30
12,4,389.3,10,0,100,9.969740931(sec),11637(msec),timeout30
12,5,450.2,11,0,100,9.346175803(sec),11078(msec),timeout30
12,6,511.3,11,0,100,9.000443494999999(sec),10620(msec),timeout30
12,7,578.3,11,0,100,8.860331403(sec),10531(msec),timeout30
12,8,702.4,11,0,100,9.491349297000001(sec),10849(msec),timeout30
12,9,837.5,10,0,100,9.937055854(sec),11897(msec),timeout30
12,10,933.8,10,0,100,10.364922344(sec),12303(msec),timeout30
12,11,943.6,10,0,100,9.561917044(sec),11322(msec),timeout30
12,12,1012.4,11,0,100,9.367624939999999(sec),11509(msec),timeout30
12,13,1031.8,11,0,100,9.193308572(sec),10513(msec),timeout30
12,14,1154.2,11,0,100,9.4302054(sec),11342(msec),timeout30
12,15,1164.5,11,0,100,8.829876489(sec),11564(msec),timeout30
12,16,1203.7,11,0,100,8.795985251(sec),10909(msec),timeout30
12,17,1287.7,11,0,100,8.736774202000001(sec),11036(msec),timeout30
12,18,1242.7,13,0,100,7.802404938(sec),10091(msec),timeout30
12,19,1360,12,0,100,8.2563616(sec),10395(msec),timeout30
12,20,1486.1,12,0,100,8.410297988(sec),11261(msec),timeout30
12,21,1426.1,13,0,100,7.558934433(sec),10377(msec),timeout30
12,22,1587.8,12,0,100,8.426862366(sec),10087(msec),timeout30
12,23,1569.3,13,0,100,7.888252477(sec),11326(msec),timeout30
12,24,1840.8,11,0,100,8.740335254(sec),10929(msec),timeout30
12,25,1855.6,12,0,100,8.256934768999999(sec),10959(msec),timeout30
12,26,1782.8,13,0,100,7.940622877(sec),10673(msec),timeout30
12,27,2052.5,11,0,100,8.965521026000001(sec),11431(msec),timeout30
12,28,1911.5,13,0,100,7.83216492(sec),10020(msec),timeout30
12,29,1933.7,13,0,100,7.413131469(sec),10605(msec),timeout30
12,30,2003.8,12,0,100,8.053614884(sec),10641(msec),timeout30
